0.00000 0.00000 0.00000 0.00000 0.00004 0.00056 0.00168
0.00000 0.00000 0.00000 0.00000 0.00056 0.00706 0.01486
0.00000 0.00000 0.00000 0.00003 0.01619 0.07609 0.08094
0.00000 0.00000 0.00000 0.01015 0.14849 0.24083 0.16427
0.00000 0.00000 0.00000 0.00007 0.02315 0.09255 0.09162
0.00000 0.00000 0.00000 0.00000 0.00075 0.00910 0.01812
0.00000 0.00000 0.00000 0.00000 0.00005 0.00072 0.00211

0.00000 0.00000 0.00000 0.00000 0.00000 0.00001 0.00002
0.00000 0.00000 0.00000 0.00000 0.00007 0.00051 0.00074
0.00000 0.00000 0.00000 0.00043 0.00609 0.01506 0.00932
0.00000 0.00000 0.00021 0.01191 0.09600 0.10223 0.06722
0.00000 0.00000 0.00002 0.01359 0.09900 0.19352 0.12014
0.00000 0.00000 0.00000 0.00302 0.03749 0.07652 0.04702
0.00000 0.00000 0.00001 0.00023 0.00537 0.01601 0.00311

0.00000 0.00000 0.00000 0.00000 0.00000 0.00000 0.00000
0.00000 0.00000 0.00000 0.00000 0.00000 0.00000 0.00001
0.00000 0.00000 0.00000 0.00041 0.00050 0.00054 0.00054
0.00000 0.00000 0.00021 0.01146 0.03536 0.02272 0.00671
0.00000 0.00000 0.00050 0.03176 0.14032 0.10255 0.04882
0.00000 0.00000 0.00038 0.02380 0.10033 0.13936 0.04319
0.00000 0.00001 0.00046 0.00718 0.04829 0.04337 0.00000

0.00000 0.00000 0.00000 0.00000 0.00000 0.00000 0.00000
0.00000 0.00000 0.00000 0.00000 0.00000 0.00000 0.00000
0.00000 0.00000 0.00000 0.00041 0.00001 0.00000 0.00001
0.00000 0.00000 0.00014 0.01171 0.01450 0.00323 0.00029
0.00000 0.00008 0.00758 0.08668 0.10894 0.03549 0.00490
0.00001 0.00044 0.01311 0.09841 0.20274 0.07109 0.01659
0.00001 0.00067 0.01018 0.07063 0.11490 0.04814 0.00368

0.00000 0.00000 0.00000 0.00000 0.00000 0.00000 0.00000
0.00000 0.00000 0.00000 0.00000 0.00000 0.00000 0.00000
0.00000 0.00000 0.00000 0.00000 0.00000 0.00000 0.00000
0.00000 0.00000 0.00006 0.00914 0.00105 0.00000 0.00000
0.00005 0.00068 0.02091 0.13595 0.02942 0.00212 0.00009
0.00065 0.00826 0.08421 0.22600 0.09256 0.01396 0.00121
0.00190 0.01652 0.08427 0.15701 0.08927 0.02147 0.00300

0.00000 0.00000 0.00000 0.00000 0.00000 0.00000 0.00000
0.00000 0.00000 0.00000 0.00000 0.00000 0.00000 0.00000
0.00001 0.00000 0.00002 0.00021 0.00000 0.00000 0.00000
0.00020 0.00169 0.01181 0.01447 0.00103 0.00000 0.00000
0.00474 0.03244 0.08902 0.11048 0.00737 0.00008 0.00000
0.01340 0.07041 0.18107 0.11885 0.01993 0.00068 0.00002
0.00219 0.03808 0.12105 0.07238 0.01263 0.00118 0.00006

0.00000 0.00000 0.00000 0.00000 0.00000 0.00000 0.00000
0.00001 0.00000 0.00000 0.00000 0.00000 0.00000 0.00000
0.00048 0.00040 0.00051 0.00022 0.00000 0.00000 0.00000
0.00713 0.02301 0.03020 0.01423 0.00082 0.00000 0.00000
0.04071 0.09782 0.14296 0.04411 0.00083 0.00000 0.00000
0.03150 0.13751 0.11155 0.02710 0.00089 0.00000 0.00000
0.00000 0.03752 0.05237 0.00852 0.00083 0.00002 0.00000

0.00001 0.00001 0.00000 0.00000 0.00000 0.00000 0.00000
0.00066 0.00053 0.00012 0.00000 0.00000 0.00000 0.00000
0.01036 0.01296 0.00855 0.00015 0.00000 0.00000 0.00000
0.06761 0.09789 0.08790 0.01873 0.00102 0.00000 0.00000
0.10176 0.19601 0.12282 0.02140 0.00002 0.00000 0.00000
0.03838 0.07470 0.04098 0.00390 0.00000 0.00000 0.00000
0.00243 0.01677 0.00570 0.00056 0.00002 0.00000 0.00000

0.00171 0.00077 0.00011 0.00001 0.00000 0.00000 0.00000
0.01487 0.00909 0.00144 0.00007 0.00000 0.00000 0.00000
0.07584 0.08421 0.02724 0.00215 0.00001 0.00000 0.00000
0.14131 0.21910 0.14496 0.02183 0.00091 0.00000 0.00000
0.08035 0.09223 0.03573 0.00388 0.00010 0.00000 0.00000
0.01932 0.01471 0.00330 0.00022 0.00000 0.00000 0.00000
0.00270 0.00139 0.00020 0.00001 0.00000 0.00000 0.00000

0.00110 0.01338 0.00557 0.00047 0.00001 0.00000 0.00000
0.02984 0.07283 0.03775 0.00220 0.00001 0.00000 0.00000
0.10627 0.17770 0.10360 0.01537 0.00002 0.00000 0.00000
0.07057 0.11470 0.11319 0.02318 0.00072 0.00000 0.00000
0.01182 0.02095 0.00836 0.00104 0.00000 0.00000 0.00000
0.00105 0.00088 0.00012 0.00000 0.00000 0.00000 0.00000
0.00005 0.00002 0.00000 0.00000 0.00000 0.00000 0.00000

0.00000 0.02600 0.04521 0.00783 0.00078 0.00002 0.00000
0.02604 0.13737 0.10296 0.02944 0.00045 0.00001 0.00000
0.04599 0.10424 0.15154 0.03614 0.00121 0.00000 0.00000
0.00738 0.02805 0.04048 0.01869 0.00052 0.00000 0.00000
0.00085 0.00060 0.00116 0.00082 0.00000 0.00000 0.00000
0.00002 0.00000 0.00000 0.00000 0.00000 0.00000 0.00000
0.00000 0.00000 0.00000 0.00000 0.00000 0.00000 0.00000

0.00162 0.03097 0.10172 0.07408 0.01181 0.00095 0.00003
0.01331 0.06816 0.18733 0.11039 0.01959 0.00084 0.00002
0.00516 0.03640 0.11134 0.10251 0.01060 0.00015 0.00000
0.00053 0.00282 0.01758 0.02338 0.00045 0.00000 0.00000
0.00001 0.00001 0.00001 0.00102 0.00000 0.00000 0.00000
0.00000 0.00000 0.00000 0.00000 0.00000 0.00000 0.00000
0.00000 0.00000 0.00000 0.00000 0.00000 0.00000 0.00000

0.00151 0.01337 0.07285 0.14785 0.08245 0.01631 0.00190
0.00067 0.00784 0.07657 0.23317 0.09246 0.01000 0.00086
0.00009 0.00121 0.02218 0.15772 0.03009 0.00158 0.00012
0.00000 0.00006 0.00165 0.02399 0.00238 0.00008 0.00001
0.00000 0.00000 0.00000 0.00102 0.00001 0.00000 0.00000
0.00000 0.00000 0.00000 0.00000 0.00000 0.00000 0.00000
0.00000 0.00000 0.00000 0.00000 0.00000 0.00000 0.00000

0.00002 0.00067 0.00906 0.06562 0.10617 0.03714 0.00201
0.00001 0.00064 0.01555 0.09944 0.18867 0.07975 0.01592
0.00000 0.00010 0.00692 0.09795 0.11382 0.04341 0.00627
0.00000 0.00000 0.00043 0.01913 0.01841 0.00376 0.00050
0.00000 0.00000 0.00000 0.00071 0.00003 0.00001 0.00001
0.00000 0.00000 0.00000 0.00000 0.00000 0.00000 0.00000
0.00000 0.00000 0.00000 0.00000 0.00000 0.00000 0.00000

0.00000 0.00001 0.00056 0.00618 0.04263 0.03090 0.00000
0.00000 0.00000 0.00040 0.02292 0.09744 0.13853 0.03696
0.00000 0.00000 0.00067 0.03322 0.14540 0.10766 0.05296
0.00000 0.00000 0.00041 0.01443 0.03918 0.02931 0.00862
0.00000 0.00000 0.00000 0.00052 0.00097 0.00066 0.00076
0.00000 0.00000 0.00000 0.00000 0.00000 0.00000 0.00002
0.00000 0.00000 0.00000 0.00000 0.00000 0.00000 0.00000

0.00000 0.00000 0.00001 0.00026 0.00441 0.01308 0.00287
0.00000 0.00000 0.00000 0.00231 0.03145 0.06551 0.03909
0.00000 0.00000 0.00001 0.01199 0.09779 0.19169 0.11651
0.00000 0.00000 0.00041 0.01488 0.10060 0.11310 0.07635
0.00000 0.00000 0.00000 0.00045 0.00941 0.01913 0.01231
0.00000 0.00000 0.00000 0.00000 0.00011 0.00067 0.00104
0.00000 0.00000 0.00000 0.00000 0.00000 0.00002 0.00003