30 30 30 30 80 80 80 90 90 80 80 80 80 30 30 30 30 20 20 20 20 20 20 20 20 30 30 20 20 20 30 20 20 30 30 30 20 20 30 30 30 30 10 30 30 20 20 30 30 30 30 30 30 30 20 20 20 20 30 30 20 30 30 30 30 30 30 30 30 30 30 30 20 20 30 30 30 30 30 30 30 30 30 30 30 30 30 30 30 30 30 20 30 30 20 20 20 30 20 30 20 20 20 30 30 30 20 30 30 20 30 20 20 20 20 30 30 30 30 30 30 20 20 20 20 30 30 30 30 30 30 20 30 30 20 20 20 30 30 30 30 30 20 20 20 20 20 10 20 20 20 20 20 20 30 20 20 20 20 20 20 30 30 30 20 20 20 20 30 30 30 20 30 30 30 30 20 20 20 20 20 20 20 20 20 20 20 20 20 20 20 20 20 10 20 20 20 20 20 10
30 30 30 80 80 80 80 80 80 80 80 80 30 30 30 30 20 20 20 20 30 20 20 20 20 20 30 20 20 30 30 20 20 30 20 30 20 20 30 30 30 30 30 10 30 20 20 30 30 30 30 10 30 10 20 30 30 20 20 20 20 30 30 30 30 30 30 30 30 20 30 30 20 20 30 30 30 30 30 30 30 30 30 30 30 30 30 30 30 30 30 20 30 30 20 30 20 30 30 30 20 20 30 20 20 30 20 20 30 20 20 30 30 20 20 30 30 30 30 30 20 30 20 20 20 30 30 30 30 30 30 30 30 30 30 30 30 30 30 30 30 30 30 20 20 20 20 20 20 20 20 30 20 20 30 20 20 20 20 20 20 20 30 30 20 20 20 20 30 30 30 30 30 30 30 20 20 20 20 20 20 20 20 20 20 20 20 10 20 20 20 20 20 20 20 20 20 20 20 10
30 10 80 80 80 90 80 80 30 30 30 30 30 30 30 30 20 20 20 20 20 30 30 30 30 30 20 20 20 20 20 20 20 30 20 20 30 20 20 20 20 20 30 30 30 30 30 30 30 30 30 30 30 30 30 30 30 30 30 10 20 10 30 30 30 30 30 20 10 20 30 30 30 20 30 30 30 30 30 30 30 30 20 30 30 30 30 30 30 30 20 30 20 30 20 20 30 30 30 30 20 30 20 30 30 20 30 30 30 30 30 30 30 30 20 30 30 30 30 20 20 30 30 30 30 20 30 30 30 30 30 30 30 30 30 30 30 30 30 30 30 30 30 20 20 30 20 20 30 20 30 30 20 20 30 30 30 30 20 20 20 30 30 20 20 20 20 20 20 30 30 30 30 30 20 20 20 30 20 20 10 20 20 20 20 20 20 20 20 20 20 10 10 20 20 20 20 20 20 20
10 10 90 80 80 80 80 80 30 30 30 30 30 30 30 20 20 20 20 20 30 20 30 30 30 30 30 30 20 20 20 20 30 30 30 30 20 20 20 30 30 30 30 80 30 30 30 80 80 80 30 30 30 30 30 30 30 30 30 30 30 20 30 30 30 30 30 20 30 30 30 20 30 20 30 30 20 30 30 30 30 30 30 30 30 30 30 30 20 20 20 20 30 30 30 20 30 20 30 20 30 30 30 30 30 30 30 30 30 30 30 30 30 30 30 30 30 30 30 20 20 30 30 30 20 20 20 30 30 30 30 30 30 30 30 30 30 30 30 30 30 30 30 30 20 20 20 30 30 20 20 30 20 30 30 20 30 30 30 30 30 30 30 30 30 20 20 20 20 30 30 30 20 20 20 20 20 30 20 20 20 20 20 20 20 20 20 20 20 20 20 10 20 20 20 20 20 10 10 20
80 80 80 80 80 80 80 20 30 30 20 20 30 30 20 20 20 30 30 30 30 20 20 30 30 30 30 30 20 20 30 30 20 20 30 30 20 20 30 30 30 80 80 80 80 80 80 80 80 80 80 30 30 30 30 30 30 30 30 30 30 30 30 30 20 30 30 30 30 30 30 30 30 30 30 30 30 30 30 30 30 30 30 20 30 30 30 30 30 10 20 30 20 20 20 20 20 30 30 30 30 30 30 30 30 30 30 30 30 30 30 30 30 30 30 30 30 30 30 30 20 30 30 20 20 20 30 20 30 30 30 30 30 30 30 30 30 30 30 30 30 30 20 20 30 30 20 20 30 30 20 20 20 20 30 30 30 30 10 20 30 30 20 20 20 20 20 20 30 30 30 30 10 20 20 20 20 20 20 20 20 20 20 20 20 20 20 20 20 20 20 20 20 20 20 20 20 20 20 20
80 80 80 80 80 80 30 30 30 20 20 20 20 20 20 20 20 20 30 20 30 30 30 30 30 30 30 30 30 30 30 30 20 20 30 30 30 30 80 80 80 80 80 80 80 80 80 80 80 80 80 30 30 30 30 30 20 30 30 30 30 20 30 30 30 30 30 30 30 30 30 20 20 20 30 30 30 30 30 30 30 30 30 30 30 30 30 30 30 30 20 30 30 30 30 30 30 30 20 30 30 30 20 30 30 30 30 30 20 30 30 30 30 30 30 30 30 30 30 30 30 30 30 30 30 30 30 30 30 30 30 30 30 30 30 30 30 20 30 30 30 20 20 30 20 20 20 20 30 30 20 20 20 20 30 30 20 30 20 30 30 20 20 20 20 20 20 30 30 30 30 30 20 20 20 20 20 20 20 20 20 20 20 20 20 20 20 20 20 20 20 20 20 20 20 20 20 20 20 20
80 80 80 80 90 10 20 30 30 20 20 30 20 20 20 20 10 30 30 30 80 80 30 30 30 30 30 30 20 20 30 30 30 30 30 30 30 30 80 80 80 80 80 80 80 80 80 80 80 80 80 30 30 30 20 20 20 20 30 30 30 20 20 30 30 30 20 30 30 20 20 20 20 20 30 30 30 30 30 20 20 20 30 30 20 30 30 30 30 30 30 30 30 30 30 30 30 30 30 30 20 30 30 30 30 30 30 30 30 30 30 30 30 30 30 30 30 30 30 30 30 30 30 30 30 30 30 30 30 30 30 30 20 30 30 30 20 20 20 20 30 20 30 30 20 20 30 20 30 30 30 30 20 20 20 20 30 20 30 30 30 20 30 30 20 20 30 30 30 30 30 30 20 20 20 20 20 10 20 20 20 20 20 20 20 20 20 20 20 20 20 20 20 20 20 20 20 20 20 20
90 10 30 10 30 10 30 30 30 20 20 20 30 20 20 20 30 30 30 80 80 30 30 30 30 30 30 30 30 10 30 30 10 30 80 80 80 80 80 80 80 80 80 80 80 80 30 30 30 30 30 30 30 30 20 30 30 30 30 30 30 20 30 30 30 30 20 20 20 20 20 30 30 30 30 20 30 30 30 20 20 20 30 30 30 30 30 30 30 30 30 30 30 30 30 30 30 30 30 20 30 30 30 30 30 30 30 30 30 30 30 30 30 30 30 30 30 30 30 30 30 30 30 30 30 30 30 30 20 30 30 30 30 30 30 30 20 20 30 20 20 20 30 30 30 30 20 10 20 20 20 10 10 20 30 30 30 30 30 20 20 20 20 20 20 20 30 30 30 30 20 20 20 30 30 30 30 20 20 20 20 20 20 20 20 20 20 20 20 10 20 20 20 10 10 10 10 10 20 20
10 30 30 30 30 30 30 30 20 30 30 30 20 20 20 30 30 30 30 80 80 30 30 10 10 30 10 30 30 80 80 80 80 80 80 80 80 80 80 80 80 80 80 80 30 30 30 30 30 30 10 30 30 30 30 20 30 30 30 30 30 20 20 20 30 30 20 20 30 30 30 30 30 30 20 20 20 30 30 30 30 30 30 30 30 30 30 30 30 30 30 30 30 30 30 30 30 30 30 30 30 30 30 30 30 30 30 30 30 20 30 30 30 30 30 30 30 30 30 30 30 30 30 30 30 30 30 30 30 30 30 30 30 30 30 30 30 20 30 30 30 20 30 30 20 20 20 20 20 20 30 20 10 30 30 30 30 20 20 20 20 20 20 20 20 10 30 30 30 20 20 20 20 10 20 30 30 30 20 20 20 20 30 30 20 20 30 30 20 20 20 10 10 20 30 20 10 20 20 10
30 30 30 20 30 30 30 20 30 30 30 30 30 30 20 20 30 20 30 90 80 30 30 10 30 80 80 90 80 90 90 90 80 80 80 80 80 80 80 80 80 80 80 30 30 30 30 30 30 30 30 30 30 20 30 30 30 30 30 30 30 30 20 20 30 30 30 30 30 30 30 30 20 30 20 30 20 30 30 30 30 30 30 30 30 30 30 30 30 30 30 30 30 30 30 30 30 30 30 30 30 30 30 30 30 30 30 30 30 30 30 30 30 30 30 30 30 30 30 30 30 30 30 30 30 30 30 30 30 30 30 30 30 30 30 30 30 30 30 30 30 30 30 30 20 20 20 20 20 30 20 20 10 20 20 10 10 10 20 20 20 20 20 20 20 10 10 10 10 20 20 20 20 20 20 20 20 20 20 20 20 20 20 20 20 20 30 30 30 20 20 10 10 20 20 20 20 20 20 10
20 20 20 20 20 30 30 30 30 30 20 30 30 30 30 30 30 80 80 90 80 80 80 90 80 80 90 90 90 90 80 80 80 80 80 80 80 80 80 80 30 30 30 30 30 30 30 30 30 20 30 30 30 30 30 30 30 30 30 30 30 30 30 30 30 30 30 30 30 30 20 20 20 30 30 30 30 30 30 30 30 30 30 30 30 30 30 30 30 30 30 30 30 30 30 30 30 30 30 30 30 30 30 30 30 30 30 30 20 30 30 30 30 30 30 30 30 30 30 30 30 30 20 20 30 30 30 30 30 30 30 20 30 30 30 30 30 30 30 30 30 30 30 30 30 30 30 30 30 20 20 20 20 20 20 20 20 20 20 20 20 20 20 20 10 30 10 20 20 20 20 20 20 20 20 20 20 20 20 20 10 20 20 20 20 30 30 30 20 10 20 20 20 20 30 30 20 20 20 20
20 10 10 10 20 30 30 30 30 20 20 20 10 20 20 30 30 80 90 80 80 80 80 80 80 90 90 90 80 80 80 80 80 30 30 30 30 30 10 30 10 30 30 30 30 30 30 30 30 30 30 30 30 30 20 30 30 30 30 30 30 30 30 30 30 30 30 20 30 30 20 20 20 30 30 20 20 30 30 30 30 30 30 30 30 30 30 30 30 60 30 30 30 30 30 30 30 30 30 30 30 30 30 30 30 20 30 30 20 20 30 30 30 30 30 30 30 30 20 20 30 30 20 20 30 30 30 30 30 30 30 20 30 20 30 30 30 30 30 30 30 30 30 30 30 30 30 30 20 20 20 20 20 20 20 20 20 20 20 30 20 20 10 30 30 30 10 20 20 20 20 20 20 20 20 20 30 20 20 20 20 20 20 20 20 20 20 20 20 20 20 20 20 30 30 20 20 20 30 20
20 30 10 10 10 10 20 20 20 20 20 30 30 20 30 80 80 90 80 80 80 80 80 80 90 80 80 80 30 30 30 30 30 30 30 30 30 30 30 30 30 30 30 30 30 30 30 30 20 20 30 30 30 30 30 30 30 30 30 30 30 30 20 30 20 20 30 30 30 30 30 30 30 30 30 30 30 30 30 30 30 30 30 30 30 30 30 30 30 30 30 30 30 30 30 30 30 30 30 30 30 30 30 30 30 30 30 30 30 30 30 30 20 30 30 30 30 30 30 30 30 20 30 20 30 30 30 30 30 30 30 30 20 20 30 30 30 30 30 30 30 30 30 30 30 30 30 30 20 10 20 20 20 20 10 20 20 20 20 20 20 20 30 30 30 20 10 20 30 20 20 20 20 30 30 30 20 20 20 20 20 20 20 20 20 20 20 20 20 20 20 20 30 30 30 20 20 20 30 30
30 30 20 20 30 20 10 30 20 30 30 30 10 30 80 80 90 80 80 80 80 80 80 80 90 90 10 10 30 30 30 30 30 30 20 30 30 30 30 30 30 30 30 30 30 30 30 20 30 30 30 30 30 20 30 20 30 30 30 30 30 30 30 30 30 30 30 30 30 30 30 30 30 30 30 30 30 30 30 30 30 30 30 30 30 30 30 30 30 30 60 30 30 30 30 30 30 30 30 30 30 30 30 30 30 30 30 30 30 30 20 30 30 20 30 30 30 30 30 30 30 30 30 30 30 30 30 30 30 30 30 30 30 30 30 30 30 30 30 30 30 30 30 30 30 20 20 30 20 20 20 20 20 20 20 20 20 20 20 20 30 30 20 30 20 20 20 10 10 20 20 20 20 30 30 20 20 20 20 20 20 20 20 20 20 20 20 20 10 10 30 30 30 30 20 20 20 20 20 30
20 20 20 10 20 30 30 20 20 30 20 30 80 80 80 80 80 80 80 80 80 80 30 30 10 10 30 30 20 30 30 30 30 30 30 30 30 30 30 30 30 30 30 30 30 30 30 30 30 30 30 30 30 30 30 30 30 30 30 30 30 30 30 30 30 30 30 30 30 30 30 30 30 30 30 30 30 30 30 30 30 30 30 30 30 30 30 30 30 30 30 30 30 30 30 30 30 30 30 30 30 30 30 30 30 30 30 30 30 30 30 30 30 30 30 30 30 30 30 30 30 30 30 30 30 30 30 30 30 30 10 30 30 30 30 30 20 30 30 30 30 30 30 20 20 20 20 20 20 10 20 20 20 20 20 20 20 20 20 20 30 20 20 10 20 20 20 20 20 20 20 20 20 30 30 20 20 20 20 20 20 30 30 30 30 30 30 30 30 30 30 30 20 20 20 30 30 30 20 20
20 20 30 30 30 30 30 30 10 10 30 80 90 80 80 80 80 80 80 30 30 30 30 30 30 30 30 30 30 30 30 30 30 30 30 30 30 30 30 30 30 30 30 30 30 30 30 30 30 30 30 30 30 30 30 30 30 30 30 30 30 30 30 30 30 30 30 30 30 30 30 30 30 30 30 30 30 30 30 30 30 30 30 30 30 30 30 30 30 30 30 30 30 30 30 30 30 30 30 30 30 20 30 30 30 30 20 30 30 30 30 30 30 30 30 30 30 30 30 30 30 30 30 30 30 30 30 30 30 30 30 30 30 30 10 20 30 30 30 30 30 30 30 30 20 20 20 20 10 20 20 20 20 20 20 20 20 20 30 30 30 20 20 20 20 20 20 20 20 20 20 20 20 30 30 30 30 20 20 20 20 30 30 30 30 30 30 30 20 30 30 10 20 20 20 30 30 30 30 30
30 30 30 30 30 30 10 10 10 80 80 80 80 80 80 80 80 80 10 30 30 30 30 30 50 50 30 30 20 20 20 30 30 30 30 30 30 30 30 30 30 30 30 30 30 30 30 30 30 30 30 30 30 30 30 30 30 30 30 30 30 30 30 30 30 30 30 30 30 30 30 30 30 30 30 30 30 30 30 30 30 30 30 30 30 30 30 30 30 30 30 30 30 30 30 30 30 30 30 30 30 30 30 20 30 30 20 30 30 30 30 30 30 30 30 30 30 30 30 30 30 30 30 30 30 30 30 30 30 30 30 30 30 10 10 30 30 30 30 30 30 30 30 20 30 20 20 20 20 20 20 10 10 20 20 20 20 20 20 30 20 10 20 10 10 10 20 20 20 30 30 20 20 30 30 30 30 20 30 20 20 30 30 30 30 30 30 30 30 30 30 10 10 10 20 20 30 30 30 30
20 10 10 10 10 10 10 80 80 80 80 80 80 80 80 80 10 30 30 30 30 30 30 30 50 30 30 30 30 20 30 30 30 30 30 30 30 30 30 30 30 30 30 30 30 30 30 30 30 30 30 30 30 30 30 30 30 30 30 30 30 30 30 30 30 30 30 30 30 30 30 30 30 30 30 30 30 30 30 30 30 30 30 30 30 30 30 30 30 30 30 30 30 30 30 30 30 30 30 30 30 30 30 30 20 20 20 30 30 30 30 30 30 30 30 30 30 30 30 30 30 30 30 30 40 40 30 30 30 30 30 30 30 30 10 30 30 30 30 30 20 20 20 20 20 20 20 20 20 20 20 10 20 20 20 20 20 20 20 20 10 10 10 10 30 30 30 20 20 20 30 20 20 30 30 30 30 30 30 20 20 20 30 30 30 20 20 20 30 30 30 20 20 30 30 20 30 30 30 30
10 10 10 80 80 80 80 80 80 80 80 80 80 90 80 10 10 30 30 30 30 30 30 40 40 30 30 30 30 30 30 30 30 30 30 30 30 30 30 30 30 30 30 30 30 30 30 30 30 30 30 30 30 30 30 30 30 30 30 30 30 30 30 30 30 30 30 30 30 30 30 30 30 30 30 30 30 30 30 30 30 30 30 30 30 30 30 30 30 30 30 30 30 30 30 30 30 30 30 30 30 30 30 30 20 30 20 20 20 30 30 30 30 30 30 30 30 30 30 30 30 30 30 40 40 40 30 30 30 30 30 30 30 20 20 30 30 30 30 30 30 20 20 20 20 20 20 20 20 20 10 10 10 10 10 10 10 10 20 20 20 20 10 10 30 30 30 30 20 20 20 20 20 30 20 20 20 30 30 30 30 30 30 30 30 20 20 30 30 30 30 20 10 30 30 30 30 30 30 30
80 80 80 80 80 80 80 80 80 80 80 80 80 80 10 30 30 30 30 40 30 40 30 30 30 30 50 30 30 30 30 30 30 30 30 30 30 30 30 30 30 30 30 30 30 30 30 30 30 30 30 30 30 30 30 30 30 30 30 30 30 30 30 30 30 30 30 30 30 30 30 30 30 30 30 30 30 30 30 30 30 30 30 30 30 30 30 30 30 30 30 30 30 30 30 30 30 30 30 30 30 30 30 20 20 20 30 30 30 20 20 20 20 30 30 30 30 30 30 30 30 30 30 30 30 30 30 30 30 30 30 30 30 30 30 30 30 30 30 30 30 20 10 20 10 20 20 20 20 20 20 10 10 10 10 10 10 10 10 10 10 20 20 30 30 30 20 10 10 10 20 20 20 30 20 20 30 20 30 30 30 30 30 20 30 20 10 30 30 30 30 30 30 30 30 30 30 30 10 20
80 80 80 80 80 80 80 80 80 80 80 80 80 30 30 30 30 40 30 40 30 30 30 40 30 30 40 40 40 30 40 30 30 30 30 20 30 30 30 30 40 40 30 30 30 30 30 30 30 30 30 30 30 30 30 30 30 30 30 30 30 30 30 30 30 30 30 30 30 30 30 30 30 30 30 30 40 40 40 30 30 30 30 30 30 30 30 30 30 30 30 30 60 30 30 30 30 30 30 30 30 30 30 30 30 20 20 30 30 30 30 30 30 30 30 30 30 30 40 30 30 30 30 30 30 30 30 30 30 30 30 30 30 30 30 30 30 30 30 30 30 30 30 30 30 30 10 20 20 20 20 10 10 10 10 10 10 20 10 10 10 20 20 20 20 10 20 20 20 10 10 20 10 10 30 20 10 10 20 20 10 20 20 20 20 20 20 20 30 30 30 30 30 30 30 20 20 20 20 10
80 80 80 80 80 80 80 80 80 80 80 30 30 30 30 30 30 30 30 40 30 40 40 40 40 40 40 40 40 40 30 40 40 30 30 30 40 40 40 40 40 30 30 40 30 30 30 30 30 30 30 30 30 30 30 30 30 30 30 30 30 30 30 30 30 30 30 30 30 30 30 30 30 40 40 40 40 40 40 40 30 30 30 30 30 30 30 30 30 30 30 30 30 30 30 30 30 30 30 30 30 30 30 30 30 30 30 20 30 20 30 30 30 30 30 30 30 30 30 30 30 30 30 30 30 30 30 30 30 30 30 30 30 30 30 30 30 30 30 30 30 30 30 30 30 30 30 20 20 20 20 10 10 10 10 10 10 10 10 10 20 20 20 20 20 20 30 20 20 10 10 10 10 10 10 10 10 10 20 20 10 20 20 20 20 20 10 20 30 30 20 20 20 20 20 10 10 20 20 20
80 80 80 80 80 80 80 80 30 30 30 30 30 30 30 30 30 30 30 30 30 30 30 30 30 30 30 40 40 40 30 30 30 40 30 30 40 40 30 40 30 30 30 30 40 30 40 40 30 40 40 30 30 30 30 30 30 30 30 30 30 30 30 30 30 30 30 30 30 30 30 30 30 40 40 40 30 40 40 30 30 30 30 30 30 30 40 30 30 30 30 30 30 30 30 30 30 30 30 30 30 30 30 30 30 20 20 20 20 30 30 30 30 30 30 30 30 30 30 30 30 30 30 30 30 30 30 30 30 30 30 30 30 30 30 30 30 40 40 40 30 30 30 30 30 30 30 20 20 30 20 10 10 10 10 10 10 10 10 10 30 30 20 20 20 20 20 20 10 10 10 10 10 20 10 10 10 20 20 20 20 20 20 20 20 30 30 30 30 20 20 20 20 20 20 20 20 20 30 20
80 80 80 80 80 30 30 30 30 30 50 50 50 50 50 30 30 30 30 30 30 30 30 30 30 30 30 30 30 30 40 40 30 40 40 40 30 40 40 30 30 30 40 30 30 40 30 30 30 30 30 30 30 30 30 30 30 30 30 30 30 30 30 30 30 30 30 30 40 30 30 40 30 30 40 30 30 40 30 40 40 40 30 40 40 30 30 30 30 30 30 30 30 30 30 30 30 30 30 30 30 30 20 30 30 30 30 20 30 30 30 30 30 30 30 30 30 30 30 30 30 30 20 30 30 30 30 30 30 30 30 30 40 30 30 30 40 40 40 40 30 30 30 30 30 30 30 30 20 30 20 20 10 20 20 20 10 10 10 10 10 10 10 20 20 20 20 20 20 10 10 10 10 10 10 10 20 10 20 30 20 20 20 20 20 20 30 30 20 20 20 20 20 20 20 20 30 30 30 30
80 80 80 80 80 30 30 30 30 30 30 30 30 30 30 30 30 30 30 30 30 30 30 30 30 30 30 30 30 30 40 30 30 30 30 30 30 30 40 30 40 40 40 30 40 30 30 30 30 30 30 30 30 30 30 30 30 30 30 30 30 30 30 30 30 30 40 30 30 40 30 40 30 30 40 40 40 40 40 30 40 30 30 40 40 30 30 30 30 30 30 30 30 30 30 30 30 30 30 20 20 20 20 30 30 30 30 20 30 30 30 30 30 30 30 30 30 30 30 30 30 30 30 20 30 30 30 30 20 30 30 30 30 30 30 30 30 40 40 30 30 30 30 30 30 30 30 30 30 30 30 30 30 30 30 30 30 10 10 10 20 20 20 20 20 20 20 20 20 10 20 20 20 20 10 10 10 10 10 20 20 10 20 20 20 20 20 30 20 20 30 30 20 20 20 30 30 30 30 30
80 80 80 80 80 30 30 30 30 30 30 10 30 30 50 30 40 30 30 30 30 30 30 30 40 40 40 30 30 30 30 30 30 40 30 30 30 40 40 30 40 30 40 40 30 30 30 30 30 30 30 30 30 30 30 30 30 30 30 30 30 40 30 30 30 30 30 30 30 30 40 40 40 40 40 30 30 30 30 30 30 30 30 40 30 30 30 40 30 40 30 30 30 30 30 30 30 30 30 20 20 30 20 30 20 20 20 20 20 20 20 30 30 30 20 30 30 30 30 30 30 30 20 20 20 20 20 30 20 30 30 30 30 30 20 20 30 40 40 30 30 30 30 30 30 30 30 30 30 30 30 30 30 30 30 30 30 30 10 10 20 20 20 20 20 20 20 20 20 20 20 20 20 20 20 20 20 20 20 20 20 20 20 20 20 20 20 30 20 20 30 20 20 20 30 30 30 30 30 30
80 80 80 80 80 30 30 30 30 40 30 30 30 50 30 30 30 30 30 30 30 30 30 30 40 30 40 40 30 40 30 40 30 40 30 30 30 30 30 30 30 30 30 30 30 30 30 30 30 30 30 30 30 30 30 30 30 30 30 30 40 30 30 30 40 40 40 40 40 40 40 40 40 40 40 30 30 30 30 30 30 40 40 40 40 40 40 40 40 40 40 30 30 30 30 30 30 30 30 30 30 30 30 30 20 20 20 20 20 20 20 20 20 20 20 20 30 30 20 20 30 30 20 20 30 20 30 30 20 20 30 30 20 30 20 20 30 30 40 30 40 30 30 30 30 30 30 30 30 30 30 30 30 30 30 30 30 30 30 30 30 10 30 20 20 20 20 20 20 20 20 20 20 20 20 20 10 10 20 20 20 20 20 20 30 20 20 30 30 30 30 30 30 20 20 20 20 20 10 10
80 80 80 80 30 30 30 30 30 30 30 40 30 30 30 40 30 30 30 30 30 40 40 40 40 30 30 40 40 40 40 40 40 40 40 40 30 40 30 30 30 30 30 30 30 30 30 30 30 30 30 30 30 30 30 30 30 30 30 30 30 40 30 30 40 40 40 40 30 30 30 30 30 40 30 30 30 20 20 30 30 30 30 40 30 40 40 40 40 30 30 30 30 30 30 30 30 30 30 20 20 30 30 20 20 20 20 20 20 20 20 20 20 20 20 20 20 20 20 20 20 30 30 30 30 30 30 20 20 30 30 30 20 30 20 20 30 30 30 30 30 30 30 30 30 30 30 30 30 30 30 30 30 30 30 30 30 30 30 30 30 30 30 20 10 20 30 20 20 10 20 20 10 20 10 10 10 20 20 20 20 20 20 20 10 30 30 30 30 30 30 30 30 20 20 20 10 20 20 20
80 80 80 80 30 30 30 30 30 30 30 30 30 30 30 30 30 30 40 40 40 30 30 30 30 30 30 30 30 30 30 30 30 30 30 30 30 30 30 30 30 30 30 30 30 30 30 30 30 30 30 30 30 30 30 30 30 30 30 30 30 30 30 30 30 40 30 30 30 30 30 30 30 30 30 30 30 30 30 30 30 30 30 30 30 30 40 40 30 30 20 20 20 30 30 30 30 30 30 30 30 30 30 20 20 30 30 30 20 20 20 20 20 20 20 20 20 20 20 20 30 30 30 30 30 30 30 30 30 30 30 30 30 30 30 20 20 20 30 30 30 30 30 30 30 40 30 10 30 30 20 30 30 30 30 30 20 20 20 20 20 20 20 20 30 30 30 30 20 20 20 20 10 20 20 20 10 20 20 20 10 20 20 20 20 10 20 20 30 30 30 30 30 20 20 20 20 30 30 20
80 80 80 80 30 30 30 30 30 40 40 30 30 40 40 30 30 40 30 30 30 40 40 40 30 30 40 40 40 40 40 40 40 40 40 40 40 30 30 30 30 30 30 30 30 30 30 30 30 30 30 30 30 30 30 30 30 30 30 30 30 30 30 30 30 30 30 30 30 30 30 20 30 30 30 30 30 30 20 20 30 20 30 30 30 30 30 30 30 20 30 20 20 20 30 30 30 30 30 30 30 30 30 20 20 20 30 20 20 20 20 20 30 20 20 20 20 20 20 20 20 30 30 30 30 30 30 30 30 30 30 30 30 30 30 30 30 30 20 20 30 30 30 30 30 30 30 20 20 30 20 30 30 20 30 30 20 20 30 20 10 20 20 20 10 20 20 30 20 20 20 20 10 10 20 20 30 30 20 20 20 20 20 10 10 20 20 20 20 30 30 20 20 30 30 10 20 30 10 20
80 80 80 30 30 30 30 30 40 40 30 40 30 30 30 40 30 30 40 30 30 30 30 40 40 40 40 40 40 40 30 30 30 40 30 40 30 30 30 30 30 30 30 30 30 30 30 30 30 30 30 30 30 30 30 30 30 30 30 30 20 30 30 30 30 30 30 30 20 30 20 20 20 20 20 30 30 30 30 20 30 20 30 30 30 30 30 20 20 20 30 30 20 30 30 30 30 30 30 30 30 30 30 20 20 30 30 30 20 20 20 20 20 30 20 30 20 20 20 20 30 30 20 30 30 30 30 30 30 30 30 30 30 30 30 30 30 30 30 30 30 30 30 30 30 30 30 20 20 20 30 30 30 20 20 20 20 20 20 20 20 20 20 20 20 20 20 20 20 20 20 20 10 20 20 20 10 30 30 20 20 20 20 20 20 10 20 20 20 20 20 20 30 30 20 20 10 30 10 20
80 80 80 30 30 20 20 30 30 30 30 30 30 40 40 40 40 30 40 40 30 30 40 30 40 40 40 40 40 30 30 30 30 30 30 30 30 50 30 40 40 40 30 30 30 30 30 30 30 30 30 30 30 30 30 30 30 30 30 20 20 20 30 30 20 20 20 30 30 30 30 30 20 20 30 30 30 30 30 30 30 20 30 30 20 30 20 30 30 30 30 30 30 30 30 30 30 30 30 30 30 30 30 30 30 30 30 30 20 20 20 20 20 20 20 30 20 20 20 20 20 20 20 30 30 30 30 30 30 30 30 10 30 30 30 30 30 30 30 30 30 30 30 30 30 30 30 20 20 20 20 30 20 20 10 10 20 20 20 20 20 30 30 30 20 20 20 30 20 20 20 20 10 20 20 30 10 30 30 20 20 10 20 20 20 10 20 20 20 20 20 20 30 20 30 30 20 20 20 10
80 80 10 30 30 20 20 20 20 30 30 30 40 40 40 30 30 30 40 30 30 30 30 40 30 30 30 40 30 40 30 30 30 30 30 30 30 30 30 40 40 40 30 30 30 30 30 30 30 30 30 30 30 30 30 30 30 30 30 30 30 30 30 30 30 20 30 20 30 20 30 30 20 30 30 30 30 30 30 30 30 30 30 30 30 20 20 20 30 30 30 30 30 30 30 30 30 30 30 30 30 30 30 30 30 30 20 30 20 30 20 20 20 20 20 20 20 20 20 20 20 20 20 30 30 30 20 30 20 30 30 30 20 20 30 30 30 30 20 30 30 30 30 30 30 30 30 30 20 30 30 30 30 30 30 30 30 30 30 20 20 20 30 20 20 20 30 30 20 20 20 20 20 20 30 20 20 10 20 10 10 20 20 20 10 10 20 20 20 20 20 30 30 30 20 20 20 20 20 10
80 80 10 30 30 20 20 30 30 30 30 30 30 30 30 30 30 30 30 30 30 30 30 30 30 30 30 30 40 40 40 40 30 30 30 30 30 30 30 30 30 30 30 30 30 30 30 30 30 30 30 30 30 30 30 30 30 30 30 30 30 30 30 30 30 30 30 30 30 30 20 30 30 30 30 30 30 30 30 30 20 30 30 30 30 20 20 30 30 30 30 30 30 30 30 30 30 30 30 30 30 30 30 30 30 30 20 30 30 30 30 30 20 20 20 20 30 30 20 20 20 20 20 30 20 20 20 30 20 20 20 30 20 30 20 30 30 20 20 20 20 20 30 30 30 30 30 30 30 30 30 30 30 30 30 20 20 30 30 30 30 30 20 20 20 20 20 20 20 20 10 10 10 10 10 20 30 20 30 30 30 20 20 20 20 20 20 20 20 10 10 20 10 10 10 10 20 20 20 20
80 80 10 30 30 30 30 30 30 30 30 30 30 30 40 30 30 30 30 30 30 30 30 30 30 30 30 40 30 40 40 30 30 30 30 30 30 30 30 30 30 30 30 30 30 30 30 30 30 30 30 30 30 30 30 30 30 30 30 30 30 30 30 20 20 20 30 30 30 30 30 30 30 30 20 20 20 30 20 20 20 20 30 30 20 30 30 30 30 30 30 30 30 30 30 30 30 30 30 20 20 30 30 30 30 30 20 20 30 30 20 20 20 20 20 30 30 30 30 20 20 20 30 30 20 30 20 30 30 30 20 20 30 30 30 30 30 30 30 30 30 30 30 30 30 30 30 30 30 30 30 20 20 20 30 30 30 30 30 30 30 30 20 20 20 20 10 10 10 20 20 10 10 10 10 30 30 20 30 30 20 20 10 10 20 10 10 20 20 10 10 10 10 20 20 20 10 20 20 20
80 30 30 20 20 20 30 30 30 30 30 30 30 30 30 30 30 30 10 10 20 20 20 30 30 30 30 30 30 30 30 30 30 30 30 30 30 30 30 30 30 30 30 30 30 30 30 30 30 30 30 30 30 30 30 20 30 30 30 30 30 30 20 30 30 30 30 30 30 30 30 30 30 20 20 30 20 30 30 30 30 30 30 20 30 30 30 30 30 30 30 30 30 30 30 30 30 30 30 30 30 30 30 30 20 30 30 30 30 30 20 30 20 20 20 30 30 30 30 20 20 30 30 30 30 30 30 20 30 30 30 30 30 30 30 30 30 30 30 30 30 30 30 30 20 30 30 30 20 30 20 30 30 30 30 30 20 30 20 30 30 30 20 20 20 20 20 10 10 10 10 10 10 30 30 30 30 30 30 30 30 30 10 10 10 10 20 20 20 10 10 10 10 20 20 20 20 20 20 20
80 30 30 30 30 30 30 30 30 30 30 30 30 30 30 30 30 30 30 30 30 30 20 30 30 30 30 30 30 30 30 30 30 30 30 30 30 30 30 30 30 30 30 30 30 30 30 30 30 30 30 30 30 30 30 30 30 30 30 30 30 30 30 30 30 30 30 30 30 30 30 30 30 30 30 30 30 30 30 30 30 30 30 30 30 30 30 30 30 30 30 30 30 30 30 30 30 30 30 30 20 20 30 20 30 30 30 30 30 30 30 30 30 30 30 30 30 30 30 30 30 30 30 30 30 30 20 20 30 30 30 30 30 30 30 30 30 30 30 30 30 30 30 20 20 20 30 20 30 30 30 30 30 30 30 30 30 20 30 30 20 20 20 20 20 10 10 20 10 10 10 10 30 30 30 30 10 10 10 10 10 20 20 20 20 10 10 20 30 30 30 20 20 10 10 20 20 20 30 20
80 30 30 20 30 30 30 30 30 30 30 30 30 30 30 30 30 30 30 30 30 30 30 30 30 30 30 30 30 30 30 30 30 30 30 30 30 30 30 30 30 30 30 30 30 30 30 30 30 20 30 30 30 30 30 30 30 30 30 30 30 30 30 30 30 30 30 30 30 30 20 30 30 30 30 30 30 30 30 30 30 30 30 30 30 30 30 30 30 30 30 30 30 30 30 30 30 30 30 20 20 20 20 20 30 20 20 30 30 30 30 20 20 20 20 20 20 20 20 20 20 30 30 20 30 30 20 20 30 30 30 30 30 30 30 30 30 30 30 30 30 30 20 20 20 20 20 30 30 30 20 30 30 20 30 30 30 30 30 20 20 20 30 30 30 30 10 20 20 10 10 20 30 30 30 30 20 20 10 10 10 10 10 10 20 20 20 20 20 20 20 20 20 10 20 30 20 10 30 20
80 30 30 30 30 30 30 30 30 30 30 30 30 30 30 30 30 30 30 30 30 30 30 30 30 30 30 30 30 30 30 30 30 30 30 30 30 30 30 30 30 30 30 30 30 30 30 30 30 30 30 30 30 30 30 30 30 30 30 30 30 30 30 30 30 30 30 30 30 30 30 30 30 30 30 30 30 30 30 30 30 30 30 30 30 30 30 30 30 30 30 30 30 30 30 30 30 60 20 20 30 30 30 20 30 30 20 20 20 30 30 30 30 30 30 30 20 20 20 20 20 20 30 20 20 20 20 20 20 20 30 30 20 30 30 30 20 20 20 30 30 20 20 30 20 20 30 30 30 30 30 30 30 30 30 30 30 20 20 30 30 30 30 30 30 30 30 30 30 10 10 10 30 30 30 30 10 20 10 10 10 10 10 10 20 30 20 20 20 20 20 20 20 20 20 30 20 10 10 20
80 80 30 30 30 30 30 30 30 30 30 30 30 30 30 30 30 30 30 30 30 30 30 30 30 30 30 30 30 30 30 30 30 30 30 30 30 30 30 30 30 30 30 30 30 30 20 30 30 30 30 30 30 30 30 30 30 30 30 30 30 30 30 30 30 30 30 30 30 30 30 30 30 30 30 30 30 30 30 30 30 30 30 30 30 30 30 30 30 30 30 30 30 20 30 30 20 20 30 20 20 30 30 30 30 30 30 30 30 30 30 30 30 30 30 30 30 20 20 20 20 20 20 20 20 20 20 20 20 20 30 20 20 30 30 20 20 20 20 20 20 20 20 20 20 30 30 20 30 30 30 20 30 30 30 30 30 30 30 30 30 30 30 30 30 30 30 30 30 20 20 30 30 20 10 10 10 30 10 20 10 10 10 10 20 20 20 20 20 10 10 10 10 20 20 20 20 20 10 10
80 80 80 30 30 30 30 30 30 30 30 30 30 30 30 30 30 20 20 20 30 30 30 30 30 30 30 30 30 30 30 30 30 30 30 30 30 30 30 30 30 30 30 20 20 30 20 30 30 30 30 30 30 30 30 30 20 30 20 30 30 30 30 30 30 20 30 20 30 30 30 30 30 30 30 30 30 30 30 30 30 30 30 30 30 30 30 30 30 30 30 30 30 30 30 30 20 20 30 20 30 30 30 30 30 30 30 30 30 30 30 30 30 30 30 30 30 30 20 20 30 30 30 20 30 30 30 20 30 30 20 30 20 30 20 20 20 20 20 20 20 20 30 30 30 30 30 20 30 30 30 20 30 30 30 30 30 30 30 30 30 30 30 30 30 30 30 30 30 20 20 30 20 20 20 30 20 20 20 20 20 10 10 20 20 20 20 20 20 20 20 20 10 20 20 20 20 20 20 20
80 80 80 30 30 30 30 30 30 30 30 30 30 30 20 30 30 30 30 20 30 30 30 30 30 30 30 30 30 30 30 30 30 30 30 30 30 30 30 30 30 30 30 30 30 20 30 30 30 30 30 30 30 30 30 30 30 30 30 30 30 30 30 30 30 30 30 20 20 30 30 30 30 30 30 30 30 30 30 30 30 30 30 30 30 30 30 30 30 30 30 30 30 30 30 30 20 30 30 20 30 20 20 20 30 30 30 20 20 30 30 30 30 30 30 30 30 30 30 30 30 30 30 30 30 30 30 30 30 30 30 30 30 30 30 30 30 20 20 30 30 30 30 30 30 30 30 30 30 30 30 30 30 30 30 30 30 20 30 30 30 30 30 30 30 30 30 30 30 30 30 30 30 10 20 30 30 20 10 20 20 10 10 20 20 20 20 20 20 20 20 20 20 10 20 20 20 20 20 20
80 80 80 30 30 30 30 30 30 30 30 30 30 30 30 30 30 30 30 30 30 30 30 30 30 30 30 30 30 30 30 30 30 30 30 30 30 30 30 30 30 30 30 30 30 30 30 30 30 30 30 30 30 30 30 30 30 30 30 30 30 30 30 30 30 30 20 30 20 30 20 20 30 30 30 30 20 30 30 30 30 30 30 30 30 30 30 30 30 30 30 30 30 20 30 30 30 30 60 20 30 30 20 30 30 30 30 30 20 30 30 20 30 30 30 30 30 30 30 30 30 30 30 30 30 30 30 30 30 30 30 30 30 30 30 30 30 30 30 30 30 30 30 30 30 30 30 30 30 30 30 30 30 30 30 30 30 30 30 30 30 30 30 30 30 30 30 30 30 30 30 30 30 20 30 30 10 10 10 10 10 10 10 20 20 20 10 10 10 20 20 30 30 10 10 10 20 20 20 20
80 80 80 30 30 30 20 20 30 30 30 20 30 30 30 30 30 30 30 30 30 30 30 30 30 30 30 30 30 30 30 30 30 30 30 30 30 30 30 30 30 30 30 30 30 30 30 30 20 30 30 30 30 30 30 30 30 30 30 30 30 30 30 30 30 20 20 20 20 20 30 30 30 30 30 30 20 30 30 30 30 30 30 30 30 30 20 30 30 30 30 30 20 20 30 30 30 30 30 30 20 20 30 30 30 30 20 20 20 20 20 20 20 30 30 30 30 30 30 30 30 30 30 20 30 30 30 30 30 30 30 30 30 30 30 30 30 30 30 30 30 30 30 30 30 30 30 30 30 30 30 30 20 30 20 30 30 30 30 30 30 30 30 30 30 30 30 30 30 30 30 30 20 30 30 10 10 10 10 10 10 10 10 10 20 10 10 20 10 10 10 30 20 10 20 20 20 20 20 20
80 80 80 80 10 30 30 30 20 20 20 20 20 30 30 30 30 30 30 30 30 30 30 30 30 30 30 30 30 30 30 30 30 30 30 30 30 30 30 30 30 30 30 30 30 30 30 30 30 30 30 30 30 30 20 30 30 30 30 30 30 30 30 20 20 30 20 20 30 30 30 30 30 30 20 20 20 20 30 30 30 30 30 30 30 30 30 20 30 30 20 30 30 30 30 20 30 30 20 30 20 30 30 30 30 30 30 20 20 20 20 20 20 30 30 30 30 20 20 20 20 20 20 20 30 30 30 30 20 20 20 30 30 30 30 30 30 30 30 30 30 30 30 30 30 30 30 30 30 20 30 30 30 30 30 30 30 30 30 30 30 30 30 30 30 30 30 30 30 30 30 30 20 20 20 10 10 10 10 10 20 20 10 20 20 10 10 20 20 20 20 20 10 10 10 20 20 20 20 20
80 80 80 80 10 30 30 30 30 30 30 30 30 30 30 30 30 30 30 30 30 30 30 30 30 30 30 30 30 30 30 30 30 30 30 30 30 30 30 30 30 30 30 30 20 30 30 30 30 30 30 30 30 30 30 30 30 30 20 30 30 30 30 30 20 20 20 30 30 30 30 30 30 30 30 30 20 20 30 30 30 30 30 30 30 30 30 30 30 30 30 20 30 30 30 30 30 30 30 60 30 30 30 30 30 20 30 30 20 20 20 30 20 30 30 30 20 20 30 20 20 20 30 30 30 30 20 30 30 20 30 30 30 20 30 30 30 30 20 30 30 30 30 30 30 30 30 30 20 30 30 30 30 30 30 30 30 30 30 30 30 30 30 30 30 30 20 30 30 30 30 20 20 10 10 10 10 10 20 10 10 20 20 20 20 20 20 10 20 20 20 20 10 10 10 10 20 20 20 20
80 80 80 80 10 10 30 30 30 30 30 30 30 30 30 30 30 30 30 30 30 30 30 30 30 30 30 30 30 30 30 30 30 30 30 30 30 30 30 30 30 30 30 30 30 30 30 30 30 30 30 30 30 30 30 30 30 30 30 30 30 30 20 30 20 20 20 30 20 20 30 30 30 30 20 20 20 30 30 30 30 30 30 30 30 30 30 30 30 30 30 30 30 30 30 30 30 30 30 30 30 30 30 20 20 30 30 30 30 20 20 30 30 20 20 20 20 20 30 30 30 30 30 30 30 20 20 20 30 30 30 20 30 20 20 30 30 30 20 20 30 30 30 30 30 30 30 20 30 30 30 30 30 30 30 30 30 30 30 30 30 30 30 30 30 20 30 30 20 20 30 20 30 20 10 10 10 10 20 20 20 20 20 20 20 20 20 10 20 20 20 20 20 20 20 20 20 20 20 20
80 80 80 80 10 10 10 30 30 30 30 30 30 30 30 30 30 30 30 30 30 30 30 30 30 30 30 30 30 30 30 30 30 30 30 30 30 30 30 30 30 30 30 30 30 30 30 30 30 30 30 20 20 20 30 30 30 30 30 30 30 30 30 30 30 30 20 30 30 30 30 30 20 20 20 20 20 20 30 30 30 30 30 30 30 30 30 30 30 30 30 30 30 30 30 30 30 30 30 30 30 30 30 20 20 20 30 30 20 30 20 30 30 20 20 20 20 20 30 30 30 30 30 30 20 30 20 20 30 20 20 20 20 30 20 20 30 20 30 30 30 30 30 20 30 30 30 30 30 30 30 30 30 30 30 30 30 30 30 30 30 30 30 30 30 30 30 30 30 30 30 30 20 20 20 20 20 10 10 20 10 10 20 20 20 20 20 20 20 20 20 20 20 20 20 20 20 20 20 20
80 80 80 80 80 30 30 30 30 30 30 30 20 30 30 30 30 30 30 30 30 30 30 30 30 30 30 30 30 30 30 30 30 30 30 30 30 30 30 30 30 30 30 30 30 30 30 30 30 30 30 30 20 30 30 30 30 30 30 30 30 20 20 30 30 30 30 30 30 30 30 30 20 20 20 20 20 20 20 20 30 20 20 30 30 30 30 30 30 20 30 30 30 30 30 30 30 30 30 30 30 30 30 30 30 30 30 30 30 20 20 20 20 30 30 30 30 30 30 30 30 30 30 30 20 20 20 20 20 20 30 20 30 30 20 20 30 20 20 30 20 30 30 30 30 30 30 30 30 30 30 30 30 30 30 30 30 30 30 30 30 30 30 30 30 30 30 30 30 30 30 20 20 20 20 20 20 20 20 20 10 20 20 20 20 20 20 20 20 20 20 20 20 20 20 20 20 20 20 20
80 80 80 80 80 80 30 30 30 30 30 30 30 30 30 30 30 30 20 30 30 30 30 30 30 30 30 30 30 30 30 30 30 30 30 30 30 30 30 30 30 30 30 30 30 30 30 30 30 30 30 30 30 30 30 30 30 30 30 30 30 30 30 20 20 20 20 20 20 20 20 20 20 20 20 20 20 20 30 30 30 30 30 30 30 30 30 30 30 30 30 30 30 20 20 30 30 30 30 30 60 20 30 30 30 30 30 30 20 20 30 20 30 30 20 20 20 20 30 30 30 30 20 20 20 20 20 20 30 20 20 30 20 30 20 20 20 30 30 30 30 30 30 30 30 30 30 30 30 30 30 30 30 30 30 30 30 30 20 30 30 30 30 30 30 30 30 30 30 30 30 20 20 20 20 20 20 20 20 20 20 20 20 20 20 10 10 20 20 20 20 10 20 20 20 20 20 20 20 20
80 80 80 80 80 10 30 30 30 30 30 30 30 30 30 30 30 30 30 30 30 30 30 30 30 30 30 30 30 30 30 30 30 30 30 30 30 30 30 30 30 30 30 30 30 30 30 30 30 30 30 30 30 30 30 30 30 30 30 30 30 30 30 30 30 30 30 20 30 20 30 30 30 30 20 20 30 30 30 30 30 30 30 30 30 30 30 30 30 30 30 30 30 30 30 30 30 20 30 30 30 30 30 30 30 30 30 30 30 30 30 30 30 30 30 20 20 20 20 30 20 30 30 20 30 30 30 30 30 30 30 30 20 20 20 30 20 30 30 30 30 30 30 30 30 30 30 30 30 30 30 30 30 30 30 30 30 30 30 20 30 30 30 30 30 30 30 30 30 30 20 20 30 30 20 20 20 20 20 30 20 20 20 20 20 20 20 20 20 20 20 20 20 10 20 20 20 20 20 20
80 80 80 80 80 10 10 30 30 30 30 30 30 30 30 30 30 30 30 30 30 30 30 30 30 30 30 30 30 30 30 30 30 30 30 30 30 30 30 30 30 30 30 30 30 30 30 30 30 30 30 20 30 30 30 30 30 30 30 30 30 30 30 30 30 30 30 30 30 30 30 30 30 30 30 20 30 30 30 30 30 30 30 30 30 30 30 30 30 30 20 20 30 30 30 30 30 30 30 30 30 30 20 30 30 30 20 20 20 20 20 30 30 30 30 30 30 20 30 30 30 30 30 20 20 30 20 20 30 30 20 20 30 30 30 30 30 30 30 30 30 30 30 30 30 30 30 30 30 30 30 30 30 30 30 20 30 30 30 30 30 30 30 20 30 30 30 30 30 30 30 30 30 30 30 20 20 20 20 30 20 10 20 20 20 20 30 30 20 20 20 20 20 20 20 20 20 20 20 20
80 80 80 80 80 80 10 10 20 30 30 30 30 30 30 30 20 20 30 30 20 30 30 30 30 30 30 30 30 30 30 30 30 30 30 30 30 30 30 30 30 30 30 30 30 30 30 30 30 30 30 30 30 30 20 30 20 30 30 30 20 20 30 30 30 30 30 30 30 30 30 30 30 30 30 30 30 30 30 30 30 30 30 30 30 30 30 30 30 30 30 30 30 30 30 30 30 30 30 30 30 60 20 30 20 20 20 20 20 20 20 30 30 30 30 30 30 20 30 30 30 30 30 30 20 20 20 20 30 20 20 30 30 30 30 30 30 30 30 30 30 30 30 30 30 30 30 30 30 30 30 30 30 30 30 30 30 20 30 30 30 30 30 20 30 30 30 30 30 30 30 20 30 30 30 30 20 20 20 20 20 10 30 30 20 20 30 30 20 30 30 30 20 20 20 20 20 20 20 20
80 80 80 80 80 80 10 10 10 30 30 30 20 30 30 30 20 20 30 20 20 20 20 30 30 30 30 30 30 30 30 30 30 30 30 30 30 30 30 30 30 30 30 30 20 30 30 30 30 30 20 30 30 30 30 30 30 30 30 30 30 20 30 30 30 30 30 30 30 30 30 30 30 30 30 30 30 30 30 30 30 20 30 30 30 30 30 30 30 30 30 30 30 20 30 30 30 30 30 30 30 30 30 20 20 20 20 30 20 20 20 20 30 30 20 30 20 20 30 30 20 30 30 30 30 30 20 20 30 30 30 30 30 20 30 30 30 30 30 30 30 30 30 30 30 30 30 30 30 30 30 30 30 30 30 30 30 30 30 30 30 30 30 20 20 30 30 30 30 30 30 30 20 20 30 30 30 30 30 30 30 30 30 30 30 30 20 20 30 30 30 20 30 20 20 20 20 20 20 20
80 80 80 80 80 80 80 80 10 10 10 30 30 30 30 20 20 20 30 30 30 30 30 30 30 30 30 30 30 30 30 30 30 30 30 30 30 30 20 20 20 30 30 20 30 30 30 30 30 30 30 30 30 30 30 30 30 30 30 30 30 30 30 30 30 30 30 30 30 20 20 30 30 30 30 30 30 30 20 30 30 30 30 30 30 30 30 30 30 30 30 30 30 30 20 30 30 30 20 30 30 30 30 20 30 30 30 30 30 30 30 20 20 30 30 30 30 30 20 20 20 20 30 30 30 30 30 30 30 30 30 30 30 20 20 30 30 30 30 30 30 30 30 30 30 30 30 30 30 30 30 30 20 30 30 30 30 30 30 30 30 30 20 30 30 30 30 30 30 30 30 30 30 30 30 30 30 30 30 20 30 30 30 30 30 30 20 20 20 20 20 20 20 20 20 20 20 20 20 30
80 80 80 80 80 80 80 80 80 10 10 10 10 10 20 30 30 30 30 30 20 30 30 30 30 30 30 30 30 30 30 30 30 30 30 30 30 30 20 30 30 30 30 30 30 30 30 30 30 30 30 30 30 30 30 20 30 30 30 20 30 30 30 30 30 30 30 20 20 20 20 30 30 30 30 30 30 30 20 30 20 30 30 30 30 30 30 30 30 30 30 30 30 20 30 30 30 20 30 30 30 30 30 30 30 30 30 30 30 30 30 20 20 20 20 20 30 30 30 30 30 30 30 30 30 30 20 30 30 30 30 30 30 30 30 30 30 30 30 30 30 30 30 30 30 30 30 30 30 30 30 30 30 30 30 30 30 30 30 30 30 30 30 30 30 30 30 30 30 30 30 30 30 30 30 30 30 30 30 30 30 20 30 30 30 30 20 20 20 20 30 20 20 20 20 20 20 20 20 20
80 80 80 80 80 80 80 80 80 80 30 30 10 10 20 30 30 30 30 30 30 30 30 30 30 30 30 30 30 30 30 30 30 30 30 30 30 30 30 30 30 30 30 30 30 30 30 30 30 30 30 30 30 30 30 30 20 30 30 20 30 30 30 30 30 30 30 20 20 30 20 30 30 30 30 30 30 30 20 20 20 30 30 30 30 30 30 30 30 30 30 20 20 30 30 30 30 30 30 30 30 30 60 30 30 30 30 30 30 30 30 20 20 20 30 30 30 30 30 30 30 20 30 30 30 30 30 30 30 30 30 30 30 30 30 30 30 30 30 30 30 30 30 30 30 30 30 30 30 30 30 30 30 20 30 30 30 30 30 30 30 30 30 20 30 30 30 30 30 30 30 30 30 30 30 30 30 30 30 30 30 30 30 30 30 30 20 20 20 20 20 20 20 30 20 20 20 20 20 20
80 80 80 80 80 80 80 80 80 80 80 30 10 10 30 30 30 20 20 30 30 30 30 30 30 30 30 30 30 30 30 30 30 30 30 30 30 30 30 30 30 30 30 30 30 30 30 30 30 30 30 30 30 30 30 30 30 30 30 30 30 30 30 30 30 30 20 20 20 30 20 30 30 30 30 30 30 30 30 20 30 30 30 30 30 30 30 30 30 30 30 20 30 30 30 30 30 30 30 30 30 30 30 30 30 30 30 30 30 30 30 20 30 20 20 30 30 30 30 30 30 30 30 30 30 30 30 30 30 30 30 30 30 30 30 30 30 30 30 30 30 30 30 30 30 30 30 30 30 30 30 20 20 30 30 30 30 30 30 30 30 30 30 30 30 30 30 30 20 30 30 30 30 30 30 30 30 30 30 30 30 30 30 30 30 30 30 20 20 20 20 20 20 20 20 20 20 20 20 20
80 80 80 80 80 80 80 80 80 80 80 80 30 10 10 30 30 20 30 30 30 30 30 30 30 30 30 30 30 30 30 30 30 20 20 30 30 30 20 30 30 30 30 30 30 30 30 30 30 30 30 30 30 30 30 30 30 30 30 30 30 30 30 30 30 20 20 30 30 30 20 20 20 20 30 30 30 30 30 30 30 30 30 30 30 30 30 30 30 30 30 30 30 30 30 30 30 30 30 30 30 30 30 30 30 30 30 30 30 30 20 20 20 20 20 30 30 30 30 30 30 30 30 30 30 30 30 30 30 30 30 30 30 30 30 30 30 30 30 30 30 30 30 30 30 30 30 30 30 30 20 30 30 30 30 30 30 30 30 30 30 30 30 30 30 30 30 20 20 30 30 30 30 30 30 30 30 30 30 30 30 30 30 20 30 30 30 30 20 20 20 30 30 20 20 20 20 20 20 20
80 80 80 80 80 80 80 80 80 80 80 80 80 10 10 10 30 20 20 20 30 20 20 20 30 30 30 30 30 30 30 30 30 30 30 30 30 30 30 30 30 30 30 30 30 30 30 30 30 30 30 30 30 30 30 30 30 30 30 30 30 30 30 20 30 30 20 30 30 20 20 20 30 30 30 30 30 30 30 30 30 20 20 30 30 30 30 30 30 30 30 30 30 30 30 30 30 30 30 30 30 30 30 30 30 30 30 30 30 30 30 20 20 20 30 30 30 30 30 30 30 30 30 30 30 30 30 30 30 30 30 30 30 30 30 30 30 30 30 30 30 30 30 30 30 30 30 30 30 30 20 30 30 30 30 30 30 30 30 30 30 30 30 30 30 30 30 30 30 30 30 30 30 30 30 30 30 30 30 30 30 20 30 30 30 30 30 30 20 20 30 30 30 30 30 30 20 20 20 30
80 80 80 80 80 80 80 80 80 80 80 80 80 80 10 10 10 30 30 20 20 20 30 30 30 30 30 30 30 30 30 30 30 30 30 30 30 30 30 30 30 20 20 20 30 30 30 30 30 20 30 20 30 20 30 30 30 30 30 30 30 30 30 30 30 30 30 30 30 20 20 20 30 30 30 30 30 30 30 30 30 20 30 30 30 30 30 30 30 30 30 30 30 30 30 30 30 30 30 30 30 30 30 30 30 30 20 20 30 20 20 30 30 30 30 30 30 30 30 20 30 30 30 30 30 30 30 30 30 30 30 30 30 30 30 30 30 30 30 30 30 30 30 30 30 30 30 30 30 30 30 30 30 30 30 30 20 30 30 30 30 30 30 30 30 30 30 30 30 30 30 30 30 30 30 30 30 30 30 30 30 30 30 30 30 30 30 30 30 30 30 30 30 30 30 30 30 30 30 30
80 80 80 80 80 80 80 80 80 80 80 80 80 80 80 10 10 10 30 30 20 20 20 30 20 30 30 30 30 30 30 30 30 30 30 30 30 30 30 30 30 30 30 30 30 30 30 30 30 30 30 30 30 30 30 30 30 30 30 30 30 30 30 20 30 30 30 30 30 30 30 30 30 30 30 30 30 30 30 30 30 30 30 30 30 30 30 30 30 30 30 30 30 30 30 20 30 30 30 30 30 30 30 30 30 30 30 30 30 30 30 30 30 30 30 30 30 30 30 30 20 30 30 30 30 30 30 30 30 30 30 30 30 30 20 30 30 30 30 30 30 30 30 30 30 30 30 20 20 20 20 30 30 30 30 30 30 30 30 30 30 30 30 30 30 30 30 30 30 30 30 30 30 30 30 30 30 30 30 30 30 30 30 30 30 30 30 30 30 30 30 30 30 30 20 20 30 30 30 30
80 80 80 80 80 80 80 80 80 80 80 80 80 80 80 80 10 10 10 30 30 30 30 30 30 30 30 30 30 30 30 30 30 20 30 30 30 30 30 20 30 30 30 30 30 20 30 30 30 30 30 30 30 30 30 20 30 30 30 30 30 30 30 30 30 30 30 30 30 30 30 30 30 30 30 30 30 30 30 30 30 30 30 30 30 30 30 30 30 30 30 30 30 30 30 30 20 30 30 30 30 30 30 30 30 30 30 30 30 30 30 30 30 30 30 30 30 30 30 30 30 30 30 30 30 30 30 30 30 30 30 30 30 20 20 30 30 30 30 30 20 30 30 30 30 30 30 30 30 30 30 30 30 30 30 30 30 30 30 30 30 30 30 30 30 30 30 30 30 30 30 30 30 30 30 30 30 30 30 30 30 30 30 30 30 30 30 30 30 30 30 30 30 30 20 20 30 30 30 30
80 80 80 80 80 80 80 80 80 80 80 80 80 80 80 80 80 10 10 30 30 20 20 20 20 20 30 30 20 20 20 20 30 20 30 30 30 30 30 30 30 30 30 30 30 30 30 30 30 30 30 30 30 30 20 20 30 30 30 30 30 30 30 30 30 30 30 30 30 30 30 30 30 30 30 30 30 30 30 30 30 30 30 30 30 30 30 30 30 30 30 30 30 30 30 30 30 30 30 30 30 30 30 30 60 30 30 30 30 30 30 30 30 30 30 30 30 30 30 30 30 30 30 30 30 30 30 30 30 30 30 30 30 30 30 30 30 30 20 20 30 30 30 30 30 30 30 30 30 30 30 30 30 30 30 30 30 30 30 30 30 30 30 30 30 30 30 30 30 30 30 30 30 30 30 30 30 30 30 30 30 30 30 30 30 30 30 30 30 30 30 30 30 30 30 30 30 30 30 30
80 80 80 80 80 80 80 80 80 80 80 80 80 80 80 80 80 30 10 30 30 30 30 20 30 20 20 30 30 30 30 20 30 30 30 30 30 30 30 30 30 30 30 30 30 30 30 30 30 30 30 30 30 30 30 30 30 30 30 30 30 30 30 30 30 30 30 30 30 30 30 30 30 30 30 30 30 30 30 30 30 30 30 30 30 30 20 30 30 30 30 30 30 30 30 30 30 30 30 30 30 30 30 30 30 30 30 30 30 30 30 30 30 30 30 30 30 30 30 30 30 30 30 20 30 30 30 30 30 30 30 30 30 30 30 30 30 30 20 30 30 30 30 30 30 30 30 30 30 30 30 30 30 30 30 30 30 30 30 30 30 30 30 30 30 30 30 30 30 30 30 30 30 30 30 30 30 30 30 30 30 30 30 30 30 30 30 30 30 30 30 30 30 30 30 30 30 30 30 30
80 80 80 80 80 80 80 80 80 80 80 80 80 80 80 80 80 30 30 30 30 30 30 30 30 30 30 30 30 30 30 30 30 30 30 30 30 30 20 30 30 30 30 30 30 30 30 30 30 30 30 30 30 30 30 30 30 30 30 30 30 30 30 30 30 30 30 30 30 30 30 30 30 30 30 30 30 30 30 30 30 30 30 30 30 30 30 30 30 30 30 30 30 30 30 30 30 30 30 30 30 30 30 30 30 30 30 30 30 30 30 30 30 30 30 30 30 30 30 30 30 30 30 30 30 30 30 30 30 30 30 30 30 30 30 30 30 30 30 30 30 30 30 30 30 30 30 30 30 30 30 30 30 30 30 30 30 30 30 30 30 30 30 30 30 30 30 30 30 30 30 30 30 30 30 30 30 30 20 30 30 30 30 30 30 30 30 30 30 30 30 30 30 30 30 30 20 20 30 30
80 80 80 80 80 80 80 80 80 80 80 80 80 80 80 80 80 90 10 30 30 30 30 30 30 30 30 30 30 30 30 30 30 20 20 30 30 30 30 30 30 30 30 30 30 30 30 30 30 30 30 30 30 30 20 20 30 30 30 30 30 30 30 30 30 30 30 30 30 30 30 30 30 30 30 30 30 30 30 30 30 30 30 30 30 30 30 20 30 30 30 30 30 30 30 30 30 30 30 30 30 30 30 30 30 30 30 30 30 30 30 30 30 30 30 30 30 30 30 30 30 30 30 30 30 30 30 30 30 30 30 30 30 30 30 30 30 30 30 30 30 30 30 30 30 30 30 30 30 30 30 30 30 30 30 30 30 30 30 20 30 30 30 30 30 30 30 30 30 30 30 30 30 30 30 30 30 30 30 30 30 30 30 30 30 30 30 30 30 20 20 20 20 20 30 20 20 30 30 30
80 80 80 80 80 80 80 80 80 80 80 80 80 80 80 80 80 80 10 10 30 30 30 20 30 30 30 20 30 30 30 30 30 20 30 30 30 30 30 30 30 30 30 20 20 30 30 30 30 30 30 30 30 30 30 30 30 30 30 30 30 30 30 30 30 30 30 30 30 30 30 30 30 30 30 30 30 30 30 30 30 30 30 30 30 30 30 30 30 30 30 30 30 30 30 30 30 30 30 30 30 30 30 30 30 30 30 30 30 30 30 30 30 30 30 30 30 30 30 30 30 30 30 30 30 30 30 30 30 30 30 30 30 30 30 30 30 30 30 30 30 30 30 30 30 30 30 30 30 30 30 30 30 30 30 30 30 30 30 30 30 30 30 30 30 30 30 30 30 30 30 30 30 30 30 30 30 30 30 30 30 30 30 30 30 30 30 30 30 30 30 20 30 20 30 30 30 30 30 30
80 80 80 80 80 80 80 80 80 80 80 80 80 80 80 80 80 80 10 10 20 30 30 30 30 30 30 20 30 30 30 30 30 30 30 30 30 30 30 30 30 30 30 30 30 30 30 30 30 30 30 30 30 30 30 30 30 30 30 30 30 30 30 30 30 30 30 30 30 30 30 30 30 30 30 30 30 30 30 30 30 30 30 30 30 30 30 30 30 30 30 30 30 30 30 30 30 30 30 30 30 30 30 30 30 30 30 30 30 30 30 30 30 30 30 30 30 30 30 30 30 30 30 30 30 30 30 30 30 30 30 30 30 20 30 30 30 30 30 30 30 30 30 30 30 30 30 30 30 30 30 30 30 30 30 30 30 30 30 30 30 30 30 30 30 30 30 30 30 30 30 30 30 30 30 30 30 30 30 30 30 30 30 30 30 30 30 30 30 30 30 20 30 30 30 30 30 30 30 30
80 80 80 80 80 80 80 80 80 80 80 80 80 80 80 80 80 80 10 10 10 30 30 30 30 30 30 30 30 30 30 30 30 30 30 30 30 30 30 30 30 30 30 30 30 30 30 30 30 30 30 30 30 30 30 30 30 30 30 30 30 30 30 30 30 30 30 30 20 30 30 30 30 30 30 30 30 30 30 30 30 30 30 30 30 30 30 30 30 30 30 30 30 30 30 30 30 30 30 30 30 30 30 30 30 30 30 30 30 30 30 30 30 30 30 30 30 30 20 30 30 30 30 30 30 30 30 30 30 30 30 30 30 30 30 30 30 30 30 30 30 30 30 30 30 30 30 30 30 30 30 30 30 30 30 30 30 30 30 30 30 30 30 30 30 30 30 30 30 30 30 30 30 30 30 30 30 30 30 30 30 30 30 30 30 30 30 30 30 30 30 30 30 30 30 30 30 30 30 30
80 80 80 80 80 80 80 80 80 80 80 80 80 80 80 80 80 80 80 80 10 10 30 30 30 30 30 30 30 30 30 30 30 30 30 30 30 30 30 30 30 30 30 30 30 30 30 30 30 30 30 30 30 30 30 30 30 30 30 30 30 30 30 30 30 30 30 30 30 30 30 30 30 30 30 30 30 30 30 30 30 30 30 30 30 30 30 30 30 30 30 30 30 30 30 30 30 30 30 30 30 30 30 30 30 30 30 30 30 30 30 30 30 30 30 30 30 30 30 30 30 30 30 30 30 30 30 30 30 30 30 30 30 30 30 30 30 30 30 30 30 30 30 30 30 30 30 30 30 30 30 30 30 30 30 30 30 30 30 30 30 30 30 30 30 30 30 30 30 30 30 30 30 30 30 30 30 30 30 30 30 30 30 30 30 30 30 30 30 30 30 30 30 30 30 30 30 30 30 30
80 80 80 80 80 80 80 80 80 80 80 80 80 80 80 80 80 80 80 80 10 10 30 30 30 30 30 30 30 30 30 30 30 30 30 30 30 30 30 30 30 30 30 30 30 30 30 30 30 30 30 30 30 30 30 30 30 30 30 30 30 30 30 30 30 30 30 30 30 30 30 30 30 30 30 30 30 30 30 30 30 30 30 30 30 30 30 30 30 30 30 30 30 30 30 30 30 30 30 30 30 30 30 30 30 30 30 30 30 30 30 30 30 30 30 30 30 30 30 30 30 30 30 30 30 30 30 30 30 30 30 30 30 30 30 30 30 30 30 30 30 30 30 30 30 30 30 30 30 30 30 30 30 30 30 30 30 30 30 30 30 30 30 30 30 30 30 30 30 30 30 30 30 30 30 30 30 30 30 30 30 30 30 30 20 30 30 30 30 30 30 30 30 30 30 30 30 30 30 30
80 80 80 80 80 80 80 80 80 80 80 80 80 80 80 80 80 80 80 80 80 10 10 30 30 30 30 30 30 30 30 30 30 30 30 30 30 30 30 30 30 30 30 30 30 30 30 30 30 30 30 30 30 30 30 30 30 30 30 30 30 30 30 30 30 30 30 30 30 30 30 30 30 30 30 30 30 30 30 30 30 30 30 30 30 30 30 30 30 30 30 30 30 30 30 30 30 30 30 30 30 30 30 30 30 30 30 30 30 30 30 30 30 30 30 30 30 30 30 30 30 30 30 30 30 30 30 30 30 30 30 30 30 30 30 30 30 30 30 30 30 30 30 30 30 30 30 30 30 30 30 30 30 30 30 30 30 30 30 30 30 30 30 30 30 30 30 30 30 30 30 30 30 30 30 30 30 30 30 30 30 30 30 30 30 30 30 30 20 30 30 30 30 30 30 30 30 30 30 30
80 80 80 80 80 80 80 80 80 80 80 80 80 80 80 80 80 80 80 80 80 10 10 30 30 30 30 30 30 30 30 30 30 30 30 30 30 30 20 30 30 30 30 30 30 30 30 30 30 30 30 30 30 30 30 30 30 30 30 30 30 30 30 30 30 30 30 30 30 30 30 30 30 30 30 30 30 30 30 30 30 30 30 30 30 30 30 30 30 30 30 30 30 30 30 30 30 30 30 30 30 30 30 30 30 30 30 30 30 30 30 30 30 30 30 30 30 30 30 30 30 30 30 30 30 30 30 30 30 30 30 30 30 30 30 30 30 30 30 30 30 30 30 30 30 30 30 30 30 30 30 30 30 30 30 30 30 30 30 30 30 30 30 30 30 30 30 30 30 30 30 30 30 30 30 30 30 30 30 30 30 30 30 30 30 30 30 30 30 30 30 30 30 30 30 30 30 30 30 30
80 80 80 80 80 80 80 80 80 80 80 80 80 80 80 80 80 80 80 80 80 80 30 30 30 30 30 30 30 30 30 30 30 30 30 30 30 30 30 30 30 30 30 30 30 30 30 30 30 30 30 20 30 30 30 30 30 30 30 30 30 30 30 30 30 30 30 30 30 30 30 30 30 30 30 30 30 30 30 30 30 30 30 30 30 30 30 30 30 30 30 30 30 30 30 30 30 30 30 30 30 30 30 30 30 30 30 30 30 30 30 30 30 30 30 30 30 30 30 30 30 30 30 30 30 30 30 30 30 30 30 30 30 30 30 30 30 30 30 30 30 30 30 30 30 30 30 30 30 30 30 30 30 30 30 30 30 30 30 30 30 30 30 30 30 30 30 30 30 30 30 30 30 30 30 30 30 30 30 30 30 30 30 30 30 30 30 30 30 30 30 30 30 30 30 30 30 30 30 30
80 80 80 80 80 80 80 80 80 80 80 80 80 80 80 80 80 80 80 80 80 80 80 30 30 30 30 30 30 30 30 30 30 30 30 30 30 30 30 30 30 30 30 30 30 30 30 30 30 30 30 30 30 30 30 30 30 30 30 30 30 30 30 30 30 30 30 30 30 30 30 30 30 30 30 30 30 30 30 30 30 30 30 30 30 30 30 30 30 30 30 30 30 30 30 30 30 30 30 30 30 30 30 30 30 30 30 30 30 30 30 30 30 30 30 30 30 30 30 30 30 30 30 30 30 30 30 30 30 30 30 30 30 30 30 30 30 30 30 30 30 30 30 30 30 30 30 30 30 30 30 30 30 30 30 30 30 30 30 30 30 30 30 30 30 30 30 30 30 30 30 30 30 30 30 30 30 30 30 30 30 30 30 30 30 30 30 30 30 30 30 30 30 30 30 30 30 30 30 30
80 80 80 80 80 80 80 80 80 80 80 80 80 80 80 80 80 80 80 80 80 80 80 10 30 30 30 30 30 30 30 30 30 30 30 30 30 30 30 30 30 30 30 30 30 30 30 30 30 30 30 30 30 30 30 30 30 30 30 30 30 30 30 30 30 30 30 30 30 30 30 30 30 30 30 30 30 30 30 30 30 30 30 30 30 30 30 30 30 30 30 30 30 30 30 30 30 30 30 30 30 30 30 30 30 30 30 30 30 30 30 30 30 30 30 30 30 30 30 30 30 30 30 30 30 30 30 30 30 30 30 30 30 30 30 30 30 30 30 30 30 30 30 30 30 30 30 30 30 30 30 30 30 30 30 30 30 30 30 30 30 30 30 30 30 30 30 30 30 30 30 30 30 30 30 30 30 30 30 30 30 30 30 30 30 30 30 30 30 30 30 30 30 30 30 30 30 30 30 30
80 80 80 80 80 80 80 80 80 80 80 80 80 80 80 80 80 80 80 80 80 80 80 80 10 10 30 30 30 30 30 30 30 30 30 30 30 30 30 30 30 30 30 30 30 30 30 30 30 30 30 30 30 30 30 30 30 30 30 30 30 30 30 30 30 30 30 30 30 30 30 30 30 30 30 30 30 30 30 30 30 30 30 30 30 30 30 30 30 30 30 30 30 30 30 30 30 30 30 30 30 30 30 30 30 30 30 30 30 30 30 30 30 30 30 30 30 30 30 30 30 30 30 30 30 30 30 30 30 30 30 30 30 30 30 30 30 30 30 30 30 30 30 30 30 30 30 30 30 30 30 30 30 30 30 30 30 30 30 30 30 30 30 30 30 30 30 30 30 30 30 30 30 30 30 30 30 30 30 30 30 30 30 30 30 30 30 30 30 30 30 30 30 30 30 30 30 30 30 30
80 80 80 80 80 80 80 80 80 80 80 80 80 80 80 90 80 80 80 80 80 80 80 80 10 10 20 10 10 10 10 30 30 30 30 30 30 30 30 30 30 30 30 30 30 30 30 30 30 30 30 30 30 30 30 30 30 30 30 30 30 30 30 30 30 30 30 30 30 30 30 30 30 30 30 30 30 30 30 30 30 30 30 30 30 30 30 30 30 30 30 30 30 30 30 30 30 30 30 30 30 30 30 30 30 30 30 30 30 30 30 30 30 30 30 30 30 30 30 30 30 30 30 30 30 30 30 30 30 30 30 30 30 30 30 30 30 30 30 30 30 30 30 30 30 30 30 30 30 30 30 30 30 30 30 30 30 30 30 30 30 30 30 30 30 30 30 30 30 30 30 30 30 30 30 30 30 30 30 30 30 30 30 30 30 30 30 30 30 30 30 30 30 30 30 30 30 30 30 30
80 80 80 80 80 80 80 80 80 80 80 80 80 80 80 80 80 80 80 80 80 80 80 80 80 80 80 10 10 10 20 30 30 30 30 30 30 30 30 30 30 30 30 30 30 30 30 30 30 30 30 30 30 30 30 30 30 30 30 30 30 30 30 30 30 30 30 30 30 30 30 30 30 30 30 30 30 30 30 30 30 30 30 30 30 30 30 30 30 30 30 30 30 30 30 30 30 30 30 30 30 30 30 30 30 30 30 30 30 30 30 30 30 30 30 30 30 30 30 30 30 30 30 30 30 30 30 30 30 30 30 30 30 30 30 30 30 30 30 30 30 30 30 30 30 30 30 30 30 30 30 30 30 30 30 30 30 30 30 30 30 30 30 30 30 30 30 30 30 30 30 30 30 30 30 30 30 30 30 30 30 30 30 30 30 30 30 30 30 30 30 30 30 30 30 30 30 30 30 30
80 80 80 80 80 80 80 80 80 80 80 80 80 80 80 80 80 80 80 80 80 80 80 80 80 80 80 80 80 10 30 30 30 30 30 30 30 30 30 30 30 30 30 30 30 30 30 30 30 30 30 30 30 30 30 30 30 30 30 30 30 30 30 30 30 30 30 30 30 30 30 30 30 30 30 30 30 30 30 30 30 30 30 30 30 30 30 30 30 30 30 30 30 30 30 30 30 30 30 30 30 30 30 30 30 30 30 30 30 30 30 30 30 30 30 30 30 30 30 30 30 30 30 30 30 30 30 30 30 30 30 30 30 30 30 30 30 30 30 30 30 30 30 30 30 30 30 30 30 30 30 30 30 30 30 30 30 30 30 30 30 30 30 30 30 30 30 30 30 30 30 30 30 30 30 30 30 30 30 30 20 10 10 10 10 20 10 10 10 20 20 30 30 30 30 30 30 30 30 30
30 80 80 80 80 80 80 80 80 80 80 80 80 80 80 80 80 80 80 80 80 80 80 80 80 80 80 80 80 10 30 30 30 30 30 30 30 30 30 30 30 30 30 30 30 30 30 30 30 30 30 30 30 30 30 30 30 30 30 30 20 30 30 30 30 30 30 30 30 30 30 30 30 30 30 30 30 30 30 30 30 30 30 30 30 30 30 30 30 30 30 30 30 30 30 30 30 30 30 30 30 30 30 30 30 30 30 30 30 30 30 30 30 30 30 30 30 30 30 30 30 30 30 30 30 30 30 30 30 30 30 30 30 30 30 30 30 30 30 30 30 30 30 30 30 30 30 30 30 30 30 30 30 30 30 30 30 30 30 30 30 30 30 30 30 30 30 30 30 30 30 30 30 30 20 30 20 20 10 10 10 10 10 10 10 10 10 10 10 10 10 10 10 10 10 20 30 30 30 30
30 30 30 30 30 30 80 80 80 80 80 80 80 80 80 80 80 80 80 80 80 80 80 80 80 80 80 80 80 10 30 30 30 30 30 30 30 30 30 30 30 30 30 30 30 30 30 30 30 30 30 30 30 30 30 30 30 30 30 30 30 30 30 30 30 30 30 30 30 30 30 30 30 30 30 30 30 30 30 30 30 30 30 30 30 30 30 30 30 30 30 30 30 30 30 30 30 30 30 30 30 30 30 30 30 30 30 30 30 30 30 30 30 30 30 30 30 30 30 30 30 30 30 30 30 30 30 30 30 30 30 30 30 30 30 30 30 30 30 30 30 30 30 30 30 30 30 30 30 30 30 30 30 30 30 30 30 30 30 30 30 30 30 30 30 30 30 30 30 30 30 30 30 20 20 10 10 10 10 10 10 10 20 10 10 10 10 10 10 10 10 10 10 10 10 10 10 30 30 30
30 30 30 30 30 30 30 30 80 80 80 80 80 80 80 80 80 80 80 80 80 80 80 80 80 80 80 80 80 10 30 30 30 30 30 30 30 30 30 30 30 30 30 30 30 30 30 30 30 30 30 30 30 30 30 30 30 30 30 30 30 30 30 30 30 30 30 30 30 30 30 30 30 30 30 30 30 30 30 30 30 30 30 30 30 30 30 30 30 30 30 30 30 30 30 30 30 30 30 30 30 30 30 30 30 30 30 30 30 30 30 30 30 30 30 30 30 30 30 30 30 30 30 30 30 30 30 30 30 30 30 30 30 30 30 30 30 30 30 30 30 30 30 30 30 30 30 30 30 30 30 30 30 30 30 30 30 30 30 30 30 30 30 30 30 30 30 30 30 30 30 30 20 10 10 10 10 10 10 10 10 10 10 10 10 10 10 10 10 10 10 10 10 10 10 10 10 10 30 10
30 30 30 30 30 30 30 30 30 30 30 80 80 80 80 80 80 80 80 80 80 80 80 80 80 80 80 80 80 30 30 30 30 30 30 30 30 30 30 30 30 30 30 30 30 30 30 30 30 30 30 30 30 30 30 30 30 30 30 30 30 30 30 30 30 30 30 30 30 30 30 30 30 30 30 30 30 30 30 30 30 30 30 30 30 30 30 30 30 30 30 30 30 30 30 30 30 30 30 30 30 30 30 30 30 30 30 30 30 30 30 30 30 30 30 30 30 30 30 30 30 30 30 30 30 30 30 30 30 30 30 30 30 30 30 30 30 30 30 30 30 30 30 30 30 30 30 30 30 30 30 30 30 30 30 30 30 30 30 30 30 30 30 30 30 30 30 30 30 30 30 30 10 10 10 10 10 10 10 10 10 10 10 10 10 10 10 10 30 10 10 10 60 60 10 10 10 60 30 30
30 30 30 30 30 30 30 30 30 20 20 30 80 80 80 80 80 80 80 80 80 80 80 80 80 80 80 80 80 10 30 30 30 30 30 30 30 30 30 30 30 30 30 30 30 30 30 30 30 30 30 30 30 30 30 30 30 30 30 30 30 30 30 30 30 30 30 30 30 30 30 30 30 30 30 30 30 30 30 30 30 30 30 30 30 30 30 30 30 30 30 30 30 30 30 30 30 30 30 30 30 30 30 30 30 30 30 30 30 30 30 30 30 30 30 30 30 30 30 30 30 30 30 30 30 30 30 30 30 30 30 30 30 30 30 30 30 30 30 30 30 30 30 30 30 30 30 30 30 30 30 30 30 30 30 30 30 30 30 30 30 30 30 30 30 30 30 30 30 30 30 20 10 10 10 20 20 10 10 10 10 10 10 30 20 30 60 60 60 60 10 60 60 60 60 30 60 60 60 30
30 30 30 30 30 30 30 30 30 20 10 10 30 80 80 80 80 80 80 80 80 80 80 80 80 80 80 80 80 80 30 30 30 30 30 30 30 30 30 30 30 30 30 30 30 30 30 30 30 30 30 30 30 30 30 30 30 30 30 30 30 30 30 30 30 30 30 30 30 30 30 30 30 30 30 30 30 30 30 30 30 30 30 30 30 30 30 30 30 30 30 30 30 30 30 30 30 30 30 30 30 30 30 30 30 30 30 30 30 30 30 30 30 30 30 30 30 30 30 30 30 30 30 30 30 30 30 30 30 30 30 30 30 30 30 30 30 30 30 30 30 30 30 30 30 30 30 30 30 30 30 30 30 30 30 30 30 30 30 30 30 30 30 30 30 10 10 10 10 10 10 20 30 30 10 10 10 30 10 10 10 10 30 30 30 60 60 60 60 60 60 60 60 60 60 60 60 60 60 60
30 30 30 30 30 30 30 30 30 30 30 10 30 80 80 80 80 80 80 80 80 80 80 80 80 80 80 80 80 80 30 30 30 30 30 30 30 30 30 30 30 30 30 30 30 30 30 30 30 30 30 30 30 30 30 30 30 30 30 30 30 30 30 30 30 30 30 30 30 30 30 30 30 30 30 30 30 30 30 30 30 30 30 30 30 30 30 30 30 30 30 30 30 30 30 30 30 30 30 30 30 30 30 30 30 30 30 30 30 30 30 30 30 30 30 30 30 30 30 30 30 30 30 30 30 30 30 30 30 30 30 30 30 30 30 30 30 30 30 30 30 30 30 30 30 30 30 30 30 30 30 30 30 30 30 30 30 30 30 30 30 30 30 20 10 10 20 10 10 10 10 30 30 60 30 30 60 30 30 60 60 60 60 60 60 60 60 60 60 60 60 60 60 60 60 60 60 60 60 60
30 30 30 30 30 30 30 30 30 30 30 30 10 80 80 80 80 80 80 80 80 80 80 80 80 80 80 80 80 80 30 30 30 30 30 30 30 30 30 30 30 30 30 30 30 30 30 30 30 30 30 30 30 30 30 30 30 30 30 30 30 30 30 30 30 30 30 30 30 30 30 30 30 30 30 30 30 30 30 30 30 30 30 30 30 30 30 30 30 30 30 30 30 30 30 30 30 30 30 30 30 30 30 30 30 30 30 30 30 30 30 30 30 30 30 30 30 30 30 30 30 30 30 30 30 30 30 30 30 30 30 30 30 30 30 30 30 30 30 30 30 30 30 30 30 30 30 30 30 30 30 30 30 30 30 30 30 30 30 30 30 30 30 60 30 30 30 30 30 20 20 20 60 60 60 60 60 60 60 60 60 60 60 60 60 60 60 60 60 60 60 60 60 60 60 60 60 60 60 60
30 30 30 30 30 30 30 30 30 30 30 30 30 80 80 80 80 80 80 80 80 80 80 80 80 80 80 80 80 80 80 30 30 30 30 30 30 30 30 30 30 30 30 30 30 30 30 30 30 30 30 30 30 30 30 30 30 30 30 30 30 30 30 30 30 30 30 30 30 30 30 30 30 30 30 30 30 30 30 30 30 30 30 30 30 30 30 30 30 30 30 30 30 30 30 30 30 30 30 30 30 30 30 30 30 30 30 30 30 30 30 30 30 30 30 30 30 30 30 30 30 30 30 30 30 30 30 30 30 30 30 30 30 30 30 30 30 30 30 30 30 30 30 30 30 30 30 30 30 30 30 30 30 30 30 30 30 30 30 30 30 10 10 30 30 30 30 30 30 60 60 60 60 60 60 60 60 60 60 60 60 60 60 60 60 60 60 60 60 60 60 60 60 60 60 60 60 60 60 60
30 30 30 30 30 30 30 30 30 30 30 30 30 80 80 80 80 80 80 80 80 80 80 80 80 80 80 80 80 80 80 30 30 30 30 30 30 30 30 30 30 30 30 30 30 30 30 30 30 30 30 30 30 30 30 30 30 30 30 30 30 30 30 30 30 30 30 30 30 30 30 30 30 30 30 30 30 30 30 30 30 30 30 30 30 30 30 30 30 30 30 30 30 30 30 30 30 30 30 30 30 30 30 30 30 30 30 30 30 30 30 30 30 30 30 30 30 30 30 30 30 30 30 30 30 30 30 30 30 30 30 30 30 30 30 30 30 30 30 30 30 30 30 30 30 30 30 30 30 30 30 30 30 30 30 30 10 10 10 10 10 30 30 60 60 30 20 10 60 60 30 30 60 60 60 60 60 60 60 60 60 60 60 60 60 60 60 30 60 60 60 60 60 60 60 60 60 60 60 60
30 30 30 30 30 30 30 30 30 30 10 30 10 30 80 80 80 80 80 80 80 80 80 80 80 80 80 80 80 80 80 30 30 30 30 30 30 30 30 30 30 30 30 30 30 30 30 30 30 30 30 30 30 30 30 30 30 30 30 30 30 30 30 30 30 30 30 30 30 30 30 30 30 30 30 30 30 30 30 30 30 30 30 30 30 30 30 30 30 30 30 30 30 30 30 30 30 30 30 30 30 30 30 30 30 30 30 30 30 30 30 30 30 30 30 30 30 30 30 30 30 30 30 30 30 30 30 30 30 30 30 30 30 30 30 30 30 30 30 30 30 30 30 30 30 30 30 30 30 30 30 30 30 30 30 30 10 10 10 10 10 60 60 60 60 60 30 30 60 60 60 30 30 60 60 60 60 60 60 60 60 60 60 60 60 60 60 60 60 60 60 60 60 60 60 60 60 60 60 60
20 20 20 30 30 30 20 20 20 20 20 20 10 30 30 80 80 80 80 80 80 80 80 80 80 80 80 80 80 80 80 80 30 30 30 30 30 30 30 30 30 30 30 30 30 30 30 30 30 30 30 30 30 30 30 30 30 30 30 30 30 30 30 30 30 30 30 30 30 30 30 30 30 30 30 30 30 30 30 30 30 30 30 30 30 30 30 30 30 30 30 30 30 30 30 30 30 30 30 30 30 30 30 30 30 30 30 30 30 30 30 30 30 30 30 30 30 30 30 30 30 30 30 30 30 30 30 30 30 30 30 30 30 30 30 30 30 30 30 30 30 30 30 30 30 30 30 30 30 30 30 30 30 30 30 30 20 60 60 60 60 60 60 60 60 60 60 60 60 60 60 60 60 60 60 60 60 60 60 60 60 60 60 60 60 60 60 60 60 60 60 60 60 60 60 60 60 60 60 60
30 20 30 30 30 20 30 20 20 20 20 20 10 30 30 30 80 80 80 80 80 80 80 80 80 80 80 80 80 80 80 80 10 10 30 30 30 30 30 30 30 30 30 30 30 30 30 30 30 30 30 30 30 30 30 30 30 30 30 30 30 30 30 30 30 30 30 30 30 30 30 30 30 30 30 30 30 30 30 30 30 30 30 30 30 30 30 30 30 30 30 30 30 30 30 30 30 30 30 30 30 30 30 30 30 30 30 30 30 30 30 30 30 30 30 30 30 30 30 30 30 30 30 30 30 30 30 30 30 30 30 30 30 30 30 30 30 30 30 30 30 30 30 30 30 30 30 30 30 30 30 30 30 30 60 30 30 60 60 60 60 60 60 60 60 60 60 60 60 60 60 60 60 60 60 60 60 60 60 60 60 60 60 60 60 60 60 60 60 60 60 60 60 60 60 60 60 60 60 60
30 30 30 30 30 30 30 30 30 20 20 30 30 30 80 80 80 80 80 80 80 80 80 80 80 80 80 80 80 80 80 80 10 30 30 30 30 30 30 30 30 30 30 30 30 30 30 30 30 30 30 30 30 30 30 30 30 30 30 30 30 30 30 30 30 30 30 30 30 30 30 30 30 30 20 30 30 30 30 30 30 30 30 30 30 30 30 30 30 30 30 30 30 30 30 30 30 30 30 30 30 30 30 30 30 30 30 30 30 30 30 30 30 30 30 30 30 30 30 30 30 30 30 30 30 30 30 30 30 30 30 30 30 30 30 30 30 30 30 30 30 30 30 30 30 30 30 30 30 30 20 20 20 10 10 30 30 60 60 60 60 60 60 60 60 60 60 60 60 60 60 60 60 60 60 60 60 60 60 60 60 60 60 60 60 60 60 60 60 60 60 60 60 60 60 60 60 60 60 60
30 30 30 30 30 30 30 30 30 20 10 30 30 30 80 80 80 80 80 80 80 80 80 80 80 80 80 80 80 80 80 80 30 30 30 30 30 30 30 30 30 30 30 30 30 30 30 30 30 30 30 30 30 30 30 30 30 30 30 30 30 30 30 30 30 30 30 30 30 30 30 30 30 30 30 30 30 30 30 30 30 30 30 30 30 30 30 30 30 30 30 30 30 30 30 30 30 30 30 30 30 30 30 30 30 30 30 30 30 30 30 30 30 30 30 30 30 30 30 30 30 30 30 30 30 30 30 30 30 30 30 30 30 30 30 30 30 30 30 30 30 30 30 30 30 30 30 30 30 20 20 10 10 10 10 10 20 20 60 60 60 60 60 60 60 60 60 60 60 60 60 60 60 60 60 60 60 60 60 60 60 60 60 60 60 60 60 60 60 60 60 60 60 60 60 60 60 60 60 60
20 30 30 30 30 30 30 30 30 20 10 30 30 30 80 80 80 80 80 80 80 80 80 80 80 80 80 80 80 80 80 80 30 30 30 30 30 30 30 30 30 30 30 30 30 30 30 30 30 30 30 30 30 30 30 30 30 30 30 30 30 30 30 30 30 30 30 30 30 30 30 30 30 30 30 30 30 30 30 30 30 30 30 30 30 30 30 30 30 30 30 30 30 30 30 30 30 30 30 30 30 30 30 30 30 30 30 30 30 30 30 30 30 30 30 30 30 30 30 30 30 30 30 30 30 30 30 30 30 30 30 30 30 30 30 30 30 30 30 30 30 30 30 30 30 30 30 10 10 10 10 10 10 10 10 10 30 30 30 30 60 30 60 60 60 60 60 60 60 60 60 60 60 60 60 60 60 60 60 60 60 60 60 60 60 60 60 60 60 60 60 60 60 60 60 60 60 60 60 60
20 30 30 30 30 30 30 30 30 30 30 30 30 30 30 80 80 80 80 80 80 80 80 80 80 80 80 80 80 80 80 80 30 30 30 30 30 30 30 30 30 30 30 30 30 30 30 30 30 30 30 30 30 30 30 30 30 30 30 30 30 30 30 30 30 30 30 30 30 30 30 30 30 30 30 30 30 30 30 30 30 30 30 30 30 30 30 30 30 30 30 30 30 30 30 30 30 30 30 30 30 30 30 30 30 30 30 30 30 30 30 30 30 30 30 30 30 30 30 30 30 30 30 30 30 30 30 30 30 30 30 30 30 30 30 30 30 30 30 30 30 30 30 30 30 30 10 10 20 20 20 10 30 30 30 30 30 60 60 60 60 60 60 60 60 60 60 60 60 60 60 60 60 60 60 60 60 60 60 60 60 60 60 60 60 60 60 60 60 60 60 60 60 60 60 60 60 60 60 60
30 30 30 30 30 30 30 30 30 30 30 30 10 10 30 80 80 80 80 80 80 80 80 80 80 80 80 80 80 80 80 80 30 30 30 30 30 30 30 30 30 30 30 30 30 30 30 30 30 30 30 30 30 30 30 30 30 30 30 30 30 30 30 30 30 30 30 30 30 30 30 30 30 30 30 30 30 30 30 30 30 30 30 30 30 30 30 30 30 30 30 30 30 30 30 30 30 30 30 30 30 30 30 30 30 30 30 30 30 30 30 30 30 30 30 30 30 30 30 30 30 30 30 30 30 30 30 30 30 30 30 30 30 30 30 30 30 30 30 30 30 30 30 30 30 10 10 10 20 30 20 60 30 30 60 30 60 60 60 60 60 30 60 60 60 60 60 60 60 60 60 60 60 60 60 60 60 60 60 60 60 60 60 60 60 60 60 60 60 60 60 60 60 60 60 60 60 60 60 60
30 30 30 30 30 30 30 30 30 30 30 30 10 10 30 80 80 80 80 80 80 80 80 80 80 80 80 80 80 80 80 80 30 30 30 30 30 30 30 30 30 30 30 30 30 30 30 30 30 30 30 30 30 30 30 30 30 30 30 30 30 30 30 30 30 30 30 30 30 30 30 30 30 30 30 30 30 30 30 30 30 30 30 30 30 30 30 30 30 30 30 30 30 30 30 30 30 30 30 30 30 30 30 30 30 30 30 30 30 30 30 30 30 30 30 30 30 30 30 30 30 30 30 30 30 30 30 30 30 30 30 30 30 30 30 30 30 30 30 30 30 30 30 30 20 10 10 10 10 30 30 30 30 30 60 60 60 60 60 60 30 30 30 60 60 60 60 60 60 60 60 60 60 60 60 60 60 60 60 60 60 60 60 60 60 60 60 60 60 60 60 60 60 60 60 60 60 60 60 60
30 30 30 30 30 30 30 30 30 30 30 30 10 10 80 80 80 80 80 80 80 80 80 80 80 80 80 80 80 80 80 80 80 30 30 30 30 30 30 30 30 30 30 30 30 30 30 30 30 30 30 30 30 30 30 30 30 30 30 30 30 30 30 30 30 30 30 30 30 30 30 30 30 30 30 30 30 30 30 30 30 30 30 30 30 30 30 30 30 30 30 30 30 30 30 30 30 30 30 30 30 30 30 30 30 30 30 30 30 30 30 30 30 30 30 30 30 30 30 30 30 30 30 30 30 30 30 30 30 30 30 30 30 30 30 30 30 30 30 30 30 30 30 20 10 10 10 20 20 10 30 20 20 60 60 30 60 60 60 60 60 30 60 60 60 60 60 60 60 60 60 60 60 60 60 60 60 60 60 60 60 60 60 60 60 60 60 60 60 60 60 60 60 60 60 60 60 60 60 60
30 30 20 30 30 30 30 30 30 30 30 30 10 10 80 80 80 80 80 80 80 80 80 80 80 80 80 80 80 80 80 80 80 30 30 30 30 30 30 30 30 30 30 30 30 30 30 30 30 30 30 30 30 30 30 30 30 30 30 30 30 30 30 30 30 30 30 30 30 30 30 30 30 30 30 30 30 30 30 30 30 30 30 30 30 30 30 30 30 30 30 30 30 30 30 30 30 30 30 30 30 30 30 30 30 30 30 30 30 30 30 30 30 30 30 30 30 30 30 30 30 30 30 30 30 30 30 30 30 30 30 30 30 30 30 30 30 30 30 30 30 30 30 20 10 20 10 20 20 20 20 30 20 30 60 60 60 60 60 60 60 60 60 60 60 60 60 60 60 60 60 60 60 60 60 60 60 60 60 60 60 60 60 60 60 60 60 60 60 60 60 60 60 60 60 60 60 60 60 60
30 30 30 30 30 30 30 30 30 30 30 30 30 10 80 80 80 80 80 80 80 80 80 80 80 80 80 80 80 80 80 80 80 30 30 30 30 30 30 30 30 30 30 30 30 30 30 30 30 30 30 30 30 30 30 30 30 30 30 30 30 30 30 30 30 30 30 30 30 30 30 30 30 30 30 30 30 30 30 30 30 30 30 30 30 30 30 30 30 30 30 30 30 30 30 30 30 30 30 30 30 30 30 30 30 30 30 30 30 30 30 30 30 30 30 30 30 30 30 30 30 30 30 30 30 30 30 30 30 30 30 30 30 30 30 30 30 30 30 30 30 30 30 20 20 20 10 20 20 30 30 30 30 30 30 60 60 60 60 60 60 60 60 60 60 60 60 60 60 60 60 60 60 60 60 60 60 60 60 60 60 60 60 60 60 60 60 60 60 60 60 60 60 60 60 60 60 60 60 60
20 30 30 20 30 30 30 30 30 30 30 30 30 10 80 80 80 80 80 80 80 80 80 80 80 80 80 80 80 80 80 80 80 30 30 30 30 30 30 30 30 30 30 30 30 30 30 30 30 30 30 30 30 30 30 30 30 30 30 30 30 30 30 30 30 30 30 30 30 30 30 30 30 30 30 30 30 30 30 30 30 30 30 30 30 30 30 30 30 30 30 30 30 30 30 30 30 30 30 30 30 30 30 30 30 30 30 30 30 30 30 30 30 30 30 30 30 30 30 30 30 30 30 30 30 30 30 30 30 30 30 30 30 30 30 30 30 30 30 30 30 30 20 20 30 30 30 30 10 20 30 30 60 20 30 30 20 60 60 60 60 60 60 60 60 60 60 60 60 60 60 60 60 60 60 60 60 60 60 60 60 60 60 60 60 60 60 60 60 60 60 60 60 60 60 60 60 60 60 60
10 10 30 30 30 30 30 30 30 30 30 20 20 10 80 80 80 80 80 80 80 80 80 80 80 80 80 80 80 80 80 80 80 30 30 30 30 30 30 30 30 30 30 30 30 30 30 30 30 30 30 30 30 30 30 30 30 30 30 30 30 30 30 30 30 30 30 30 30 30 30 30 30 30 30 30 30 30 30 30 30 30 30 30 30 30 30 30 30 30 30 30 30 30 30 30 30 30 30 30 30 30 30 30 30 30 30 30 30 30 30 30 30 30 30 30 30 30 30 30 30 30 30 30 30 30 30 30 30 30 30 30 30 30 30 30 30 30 30 30 30 10 10 20 30 30 30 30 20 20 30 30 30 30 20 20 20 60 60 60 60 60 60 60 60 60 60 60 60 60 60 60 60 60 60 60 60 60 60 60 60 60 60 60 60 60 60 60 60 60 60 60 60 60 60 60 60 60 60 60
20 30 30 30 30 30 30 30 30 30 30 30 30 30 80 80 80 80 80 80 80 80 80 80 80 80 80 80 80 80 80 80 80 30 30 30 30 30 30 30 30 30 30 30 30 30 30 30 30 30 30 30 30 30 30 30 30 30 30 30 30 30 30 30 30 30 30 30 30 30 30 30 30 30 30 30 30 30 30 30 30 30 30 30 30 30 30 30 30 30 30 30 30 30 30 30 30 30 30 30 30 30 30 30 30 30 30 30 30 30 30 30 30 30 30 30 30 30 30 30 30 30 30 30 30 30 30 30 30 30 30 30 30 30 30 30 30 30 20 30 30 30 30 30 30 20 30 30 30 20 20 30 30 20 30 30 20 20 60 60 60 60 60 60 60 60 60 60 60 60 60 60 60 60 60 60 60 60 60 60 60 60 60 60 60 60 60 60 60 60 60 60 60 60 60 60 60 60 60 60
30 30 30 30 30 30 30 30 30 30 30 30 30 30 80 80 80 80 80 80 80 80 80 80 80 80 80 80 80 80 80 80 80 30 30 30 30 10 10 10 10 10 20 30 30 30 30 30 30 30 30 30 30 30 30 30 30 30 30 30 30 30 30 30 30 30 30 30 30 30 30 30 30 30 30 30 30 30 30 30 30 30 30 30 30 30 30 30 30 30 30 30 30 30 30 30 30 30 30 30 30 30 30 30 30 30 30 30 30 30 30 30 30 30 30 30 30 30 30 30 30 30 30 30 30 30 30 30 30 30 30 30 30 30 30 30 30 20 30 20 30 20 30 30 30 30 30 30 30 30 30 30 30 30 30 30 30 20 20 60 60 60 60 60 60 60 60 60 60 60 60 60 60 60 60 60 60 60 60 60 60 60 60 60 60 60 60 60 60 60 60 60 60 60 60 60 60 60 60 60
30 30 30 10 30 30 30 30 30 30 30 30 30 30 30 80 80 80 80 80 80 80 80 80 80 80 80 80 80 80 80 80 80 10 20 10 10 10 10 30 30 30 30 30 30 30 30 30 30 30 30 30 30 30 30 30 30 30 30 30 30 30 30 30 30 30 30 30 30 30 30 30 30 30 30 30 30 30 30 30 30 30 30 30 30 30 30 30 30 30 30 30 30 30 30 30 30 30 30 30 30 30 30 30 30 30 30 30 30 30 30 30 30 30 30 30 30 30 30 30 30 30 30 30 30 30 30 30 30 30 30 30 30 30 30 20 30 30 30 30 30 30 30 30 30 30 30 30 30 30 30 30 30 30 30 30 30 30 20 20 20 60 60 60 60 60 60 60 60 60 60 60 60 60 60 60 60 60 60 60 60 60 80 60 60 60 60 60 60 60 60 60 60 60 60 60 60 60 60 60
30 30 10 10 30 30 30 30 30 30 30 30 30 30 30 30 80 80 80 80 80 80 80 80 80 80 80 80 80 80 80 80 80 80 10 30 30 30 30 30 30 30 30 30 30 30 30 30 30 30 30 30 30 30 30 30 30 30 30 30 30 30 30 30 30 30 30 30 30 30 30 30 30 30 30 30 30 30 30 30 30 30 30 30 30 30 30 30 30 30 30 30 30 30 30 30 30 30 30 30 30 30 30 30 30 30 30 30 30 30 30 30 30 30 30 30 30 30 30 30 30 30 30 30 30 30 30 30 30 30 30 30 30 30 30 30 20 30 30 30 30 30 20 30 30 30 30 30 30 30 30 30 30 30 30 30 30 30 20 30 30 60 60 60 60 60 60 60 60 60 60 60 60 60 60 60 60 60 60 60 60 60 60 60 60 60 60 60 60 60 60 60 60 60 60 60 60 60 60 60
30 20 10 30 30 30 30 30 30 30 30 30 30 30 30 30 80 90 80 80 80 80 80 80 80 80 80 80 80 80 80 80 80 80 80 80 30 30 30 30 30 30 30 30 30 30 30 30 30 30 30 30 30 30 30 30 30 30 30 30 30 30 30 30 30 30 30 30 30 30 30 30 30 30 30 30 30 30 30 30 30 30 30 30 30 30 30 30 30 30 30 30 30 30 30 30 30 30 30 30 30 30 30 30 30 30 30 30 30 30 30 30 30 30 30 30 30 30 30 30 30 30 30 30 30 30 30 30 30 30 30 30 30 30 30 30 20 30 30 30 30 30 30 30 30 30 30 30 30 30 30 30 30 30 30 30 30 30 30 60 60 60 60 60 60 60 60 60 60 60 60 60 60 60 60 60 60 60 60 60 60 60 60 60 60 60 60 60 60 60 60 60 60 60 60 60 60 60 60 60
10 30 30 30 30 30 30 30 30 30 30 30 30 30 80 80 80 80 80 80 80 80 80 80 80 80 80 80 80 80 80 80 80 80 80 30 30 30 30 30 30 30 30 30 30 30 30 30 30 30 30 30 30 30 30 30 30 30 30 30 30 30 30 30 30 30 30 30 30 30 30 30 30 30 30 30 30 30 30 30 30 30 30 30 30 30 30 30 30 30 30 30 30 30 30 30 30 30 30 30 30 30 30 30 30 30 30 30 30 30 30 30 30 30 30 30 30 30 30 30 30 30 30 30 30 30 30 30 30 30 30 30 30 30 30 30 30 30 30 30 20 30 30 20 30 30 30 30 30 30 30 30 30 30 20 20 30 30 60 60 60 60 60 60 60 60 60 60 60 60 60 60 60 60 60 60 60 60 60 60 60 60 60 60 60 60 60 60 60 60 60 60 60 60 60 60 60 60 60 60
30 30 30 30 30 30 30 30 30 30 30 30 30 30 80 80 80 80 80 80 80 80 80 80 80 80 80 80 80 80 80 80 80 80 80 30 30 30 30 30 30 30 30 30 30 30 30 30 30 30 30 30 30 30 30 30 30 30 30 30 30 30 30 30 30 30 30 30 30 30 30 30 30 30 30 30 30 30 30 30 30 30 30 30 30 30 30 30 30 30 30 30 30 30 30 30 30 30 30 30 30 30 30 30 30 30 30 30 30 30 30 30 30 30 30 30 30 30 30 30 30 30 30 30 30 30 30 30 30 30 30 30 20 20 30 30 30 30 30 30 30 30 30 20 30 30 20 30 30 30 30 30 30 30 30 30 30 30 30 60 60 60 60 60 60 60 60 60 60 60 60 60 60 60 60 60 60 60 60 60 60 60 80 60 60 60 60 60 60 60 60 60 60 60 60 60 60 60 60 60
30 30 30 30 30 30 30 30 30 30 30 30 30 30 80 80 80 80 80 80 80 80 80 80 80 80 80 80 80 80 80 80 80 80 80 80 10 10 30 30 30 30 30 30 30 30 30 30 30 30 30 30 30 30 30 30 30 30 30 30 30 30 30 30 30 30 30 30 30 30 30 30 30 30 30 30 30 30 30 30 30 30 30 30 30 30 30 30 30 30 30 30 30 30 30 30 30 30 30 30 30 30 30 30 30 30 30 30 30 30 30 30 30 30 30 30 30 30 30 30 30 30 30 30 30 30 30 30 30 30 30 30 30 30 20 30 30 30 20 20 20 30 30 30 20 30 30 20 30 30 30 30 30 30 60 60 60 60 60 60 60 60 60 60 60 60 60 60 60 60 60 60 60 60 60 60 60 60 60 60 60 60 60 60 60 60 60 60 60 60 60 60 60 60 60 60 60 60 60 60
30 30 30 30 30 30 30 30 30 20 30 30 30 30 10 80 80 80 80 80 80 80 80 80 80 80 80 80 80 80 80 80 80 80 80 80 80 30 30 30 30 30 30 30 30 30 30 30 30 30 30 30 30 30 30 30 30 30 30 30 30 30 30 30 30 30 30 30 30 30 30 30 30 30 30 30 30 30 30 30 30 30 30 30 30 30 30 30 30 30 30 30 30 30 30 30 30 30 30 30 30 30 30 30 30 30 30 30 30 30 30 30 30 30 30 30 30 30 30 30 30 30 30 30 30 30 30 30 30 30 30 30 30 30 20 20 20 20 30 20 20 20 30 30 20 30 30 30 30 30 30 30 20 60 60 60 60 60 60 60 60 60 60 60 60 60 60 60 60 60 60 60 30 60 60 60 60 60 60 60 60 60 60 60 60 60 60 60 60 60 60 60 60 60 60 60 60 60 60 60
30 30 30 30 30 30 30 30 20 20 30 30 30 30 30 30 80 80 80 80 80 80 80 80 80 80 80 80 80 80 80 80 80 80 80 80 80 30 30 30 30 30 30 30 30 30 30 30 30 30 30 30 30 30 30 30 30 30 30 30 30 30 30 30 30 30 30 30 30 30 30 30 30 30 30 30 30 30 30 30 30 30 30 30 30 30 30 30 30 30 30 30 30 30 30 30 30 30 30 30 30 30 30 30 30 30 30 30 30 30 30 30 30 80 80 80 80 80 80 80 30 30 30 30 30 30 30 30 30 30 30 30 20 20 20 20 20 20 30 20 30 30 30 30 20 30 30 30 30 30 30 30 30 60 60 60 60 60 60 60 60 60 60 60 60 60 60 60 60 60 60 60 60 60 60 60 60 60 60 60 60 60 60 60 60 60 60 60 60 60 60 60 60 60 30 60 60 60 60 60
30 30 30 30 30 30 30 30 30 30 30 20 30 20 10 10 10 10 30 80 80 80 80 80 80 80 80 80 80 80 80 80 80 80 80 80 80 30 30 30 30 20 30 30 30 30 30 30 30 30 30 30 30 30 30 30 30 30 30 30 30 30 30 30 30 30 30 30 30 30 30 30 30 30 30 30 30 30 30 30 30 30 30 30 30 30 30 30 30 30 30 30 30 30 30 30 30 30 30 30 30 30 30 30 30 30 30 30 30 30 30 30 80 80 80 80 80 80 80 80 80 30 30 30 30 30 30 30 30 30 30 30 30 30 30 30 30 30 30 30 30 20 20 30 30 30 30 30 30 30 30 30 30 60 60 60 60 60 60 60 60 60 60 60 60 60 60 60 60 60 60 60 60 60 60 60 60 60 30 60 60 60 60 60 60 60 60 60 60 60 60 60 60 60 60 60 60 60 60 60
30 30 30 30 30 30 30 30 30 30 30 30 30 10 10 10 10 10 30 80 80 80 80 80 80 80 80 80 80 80 80 80 80 80 80 80 80 80 10 30 30 30 30 30 30 30 30 30 30 30 30 30 30 30 30 30 30 30 30 30 30 30 30 30 30 30 30 30 30 30 30 30 30 30 30 30 30 30 30 30 30 30 30 30 30 30 30 30 30 30 30 30 30 30 30 30 30 30 30 30 30 30 30 30 30 30 30 30 30 30 30 30 80 80 80 80 80 80 30 30 30 30 30 30 30 30 30 30 30 20 30 20 20 30 30 30 30 30 30 30 30 20 20 20 30 30 30 30 30 30 30 60 60 30 60 60 60 60 60 60 60 60 60 60 60 60 60 60 60 60 60 60 60 60 30 60 60 60 60 60 60 60 60 60 60 60 60 60 60 60 60 60 60 60 60 60 60 60 60 60
30 30 30 30 30 30 30 30 30 30 30 30 30 30 30 30 30 30 80 80 80 80 80 80 80 80 80 80 80 80 80 80 80 80 80 80 80 80 30 30 30 30 30 30 30 30 30 30 30 30 30 30 30 30 30 30 30 30 30 30 30 30 30 30 30 30 30 30 30 30 30 30 30 30 30 30 30 30 30 30 30 30 30 30 30 30 30 30 30 30 30 30 30 30 30 30 30 30 30 30 30 30 30 30 30 30 30 30 30 30 30 30 80 80 80 80 30 30 30 30 30 30 30 30 30 30 30 30 30 30 30 20 20 20 20 10 10 30 20 30 30 30 30 60 60 60 30 60 60 60 60 60 60 60 60 60 60 60 60 60 60 60 60 60 60 60 60 60 60 60 60 60 60 60 60 60 60 60 60 30 60 60 60 60 60 60 60 60 60 60 60 60 60 60 60 60 60 60 60 60
30 30 30 30 30 30 30 30 30 30 30 30 30 30 30 30 80 80 80 80 80 80 80 80 80 80 80 80 80 80 80 80 80 80 80 80 80 80 30 30 30 30 30 30 30 30 30 30 30 30 30 30 30 30 30 30 30 30 30 30 30 30 30 30 30 30 30 30 30 30 30 30 30 30 30 30 30 30 30 30 30 30 30 30 30 30 30 30 30 30 30 30 30 30 30 30 30 30 30 30 30 30 30 30 30 30 30 30 30 30 30 80 80 80 80 30 30 30 30 30 30 30 30 30 30 30 30 30 20 30 30 30 20 30 60 60 60 60 60 60 60 60 60 60 60 60 60 60 60 60 60 60 60 60 60 60 60 60 60 60 60 60 60 60 60 60 60 60 60 60 60 60 60 60 60 60 60 60 60 60 60 60 60 60 60 60 60 60 60 60 60 60 60 60 60 60 80 60 60 60
30 30 30 30 30 30 30 30 30 30 30 30 30 30 30 30 80 80 80 80 80 80 80 80 80 80 80 80 80 80 80 80 80 80 80 80 80 80 80 10 20 30 30 30 30 30 30 30 30 30 30 30 30 30 30 30 30 30 30 30 30 30 30 30 30 30 30 30 30 30 30 30 30 30 30 30 30 30 30 30 30 30 30 30 30 30 30 30 30 30 30 30 30 30 30 30 30 30 30 30 30 30 30 30 30 30 30 30 30 30 30 80 80 80 80 30 30 30 30 30 30 30 30 30 30 30 20 30 30 30 30 60 60 60 60 60 30 60 60 60 60 60 60 60 60 60 60 60 60 60 60 60 60 60 60 60 60 60 60 60 60 60 60 60 60 60 60 60 60 60 60 60 60 60 60 60 60 60 60 60 60 60 60 60 60 60 60 60 60 60 60 60 60 60 60 60 60 60 60 60
30 30 30 30 30 30 30 30 30 30 30 30 30 30 30 30 30 80 80 80 30 30 80 80 80 80 80 80 80 80 80 80 80 80 80 80 80 80 80 80 30 30 30 30 30 30 30 30 30 30 30 30 30 30 30 30 30 30 30 30 30 30 30 30 30 30 30 30 30 30 30 30 30 30 30 30 30 30 30 30 30 30 30 30 30 30 30 30 30 30 30 30 30 30 30 30 30 30 30 30 30 30 30 30 30 30 30 30 30 30 80 80 80 30 30 30 30 30 30 30 30 30 30 30 20 30 30 30 30 30 30 30 60 60 60 60 60 60 60 60 60 60 60 60 60 60 60 60 60 60 60 60 60 60 60 60 60 60 60 60 60 60 60 60 60 60 60 60 60 60 60 60 60 60 60 60 60 80 60 60 60 60 60 60 60 60 30 60 60 60 60 60 60 60 60 60 60 60 60 60
30 30 30 30 30 30 30 30 30 30 30 30 30 30 80 80 80 30 30 30 10 10 20 30 80 80 80 80 80 80 80 80 80 80 80 80 80 80 80 80 80 10 10 30 30 30 30 30 30 30 30 30 30 30 30 30 30 30 30 30 20 30 30 30 30 30 30 30 30 30 30 30 30 30 30 30 30 30 30 30 30 30 30 30 30 30 30 30 30 30 30 30 30 30 30 30 30 30 30 30 30 30 30 30 30 30 30 30 80 80 80 80 80 30 30 30 30 30 30 30 30 30 20 30 30 20 30 30 30 30 30 30 60 60 60 60 60 60 60 60 60 60 60 60 60 60 60 60 60 60 60 60 60 60 60 60 60 60 60 60 60 60 60 60 60 60 60 60 60 60 60 60 60 60 60 60 60 60 60 60 60 60 60 60 30 60 60 60 60 60 60 60 60 60 60 60 60 60 60 60
30 30 30 30 30 30 30 30 30 30 30 80 90 80 80 80 80 30 20 30 20 20 20 10 10 80 80 80 80 80 80 80 80 80 80 80 80 80 80 80 80 80 80 20 30 30 30 30 30 30 30 20 30 30 30 30 30 30 30 30 30 30 30 30 30 30 30 30 30 30 30 30 30 30 30 30 30 30 30 30 30 30 30 30 30 30 30 30 30 30 30 30 30 30 30 30 30 30 30 30 30 30 30 30 30 30 80 80 80 80 80 80 80 80 80 30 30 30 30 30 30 30 30 30 30 30 30 30 30 30 30 30 60 60 60 60 60 60 60 60 60 60 60 60 60 60 60 60 60 60 60 60 60 60 60 60 60 60 60 60 60 60 60 60 60 60 60 60 60 60 60 60 60 60 60 60 60 60 60 60 60 30 30 30 30 30 60 60 60 60 60 60 60 60 60 60 60 60 60 60
30 30 30 30 30 30 30 30 30 30 30 90 80 30 80 30 30 30 20 30 30 30 30 20 10 30 80 80 80 80 80 80 80 80 80 80 80 80 80 80 80 80 80 80 10 30 30 30 30 10 30 30 30 30 30 30 30 30 30 30 30 30 30 30 30 30 30 30 30 30 30 30 30 30 30 30 30 30 30 30 30 30 30 30 30 30 30 30 30 30 30 30 30 30 30 30 30 30 30 30 30 30 30 30 30 30 30 80 80 80 80 80 80 80 80 80 80 80 80 30 30 30 30 30 30 30 20 30 30 30 30 30 60 60 60 60 60 60 60 60 60 60 60 60 60 60 60 60 60 60 60 60 60 60 60 60 60 60 60 60 60 60 60 60 60 60 60 60 60 60 60 60 60 60 60 60 60 60 60 60 60 60 60 10 60 60 60 60 60 60 60 60 60 60 60 60 60 60 60 60
30 30 30 30 30 30 30 30 30 80 30 30 30 30 30 30 30 30 30 30 30 30 30 30 30 30 30 80 80 80 80 80 80 80 80 80 80 80 80 80 80 80 80 80 80 80 10 30 10 10 30 30 30 30 30 30 30 30 30 30 30 30 30 30 30 30 30 30 30 30 30 30 30 30 30 30 30 30 30 30 30 30 30 30 30 30 30 30 30 30 30 30 30 30 30 30 30 30 30 30 30 30 30 30 30 30 80 80 80 80 80 80 80 80 80 80 80 80 80 80 30 30 30 30 30 30 20 30 30 30 30 60 60 60 60 60 60 60 60 60 60 60 60 60 60 60 60 60 60 60 60 60 60 60 60 60 60 60 60 60 60 60 60 60 60 60 60 60 60 60 60 60 60 60 60 60 60 60 60 60 60 60 60 60 60 20 60 60 60 60 60 60 60 60 60 60 60 60 60 60
30 30 30 30 30 30 30 30 30 30 30 30 30 30 30 30 30 30 30 30 30 30 30 30 30 30 30 80 80 80 80 80 80 80 80 80 80 80 80 80 80 80 80 80 80 80 80 80 80 80 30 30 30 30 30 30 30 30 30 30 30 30 30 30 30 30 30 30 30 30 30 30 30 30 30 30 30 30 30 30 30 30 30 30 30 30 30 30 30 30 30 30 30 30 30 30 30 30 30 30 30 30 30 30 30 80 80 80 80 80 80 80 80 80 80 80 80 80 80 30 30 30 30 30 30 30 30 30 20 30 20 30 60 60 60 60 60 60 60 60 60 60 60 60 60 60 60 60 60 60 60 60 60 60 60 60 60 60 60 60 60 60 60 60 60 60 60 60 60 60 60 60 60 60 60 60 60 60 60 60 60 60 60 60 60 30 60 60 30 60 60 60 60 60 60 60 60 60 60 60
30 30 30 30 30 30 30 30 30 30 30 30 30 30 30 30 20 30 30 30 30 30 30 30 30 30 30 80 80 80 80 80 80 80 80 80 80 80 80 80 80 80 80 80 80 80 80 80 80 80 30 30 30 30 30 30 30 30 30 30 30 30 30 30 30 30 30 30 30 30 30 30 30 30 30 30 30 30 30 30 30 30 30 30 30 30 30 30 80 80 80 80 30 30 30 30 30 30 30 30 30 30 30 80 80 80 80 80 80 80 80 80 80 80 80 80 80 80 30 30 30 30 30 30 30 30 30 30 20 20 10 10 30 30 20 20 60 30 60 60 60 60 60 60 60 60 60 60 60 60 80 60 60 60 60 60 60 60 60 60 60 60 60 60 60 60 60 60 60 60 60 60 60 60 60 60 60 60 60 60 60 60 60 60 60 60 60 60 30 60 60 60 60 60 60 60 60 60 30 30
30 30 30 30 30 30 30 30 30 30 30 30 30 30 30 30 30 30 30 30 30 30 10 30 30 30 30 80 80 80 80 80 80 80 80 80 80 80 80 80 80 80 80 80 80 80 80 80 80 80 80 80 30 30 30 30 30 30 30 30 30 30 30 30 30 30 30 30 30 30 30 30 30 30 30 30 30 30 30 30 30 30 30 30 30 30 80 80 80 80 80 80 30 30 30 30 30 30 30 30 30 30 80 80 80 80 80 80 80 80 80 80 80 80 80 80 30 30 30 30 20 30 30 30 30 30 30 30 30 30 10 20 30 30 20 60 30 60 30 60 60 60 60 60 60 60 60 60 60 60 60 60 60 60 60 60 60 60 60 60 60 60 60 60 60 60 60 60 60 60 60 60 60 60 60 60 60 30 60 60 60 60 60 60 60 60 60 60 60 60 60 60 60 60 60 60 30 60 60 60
30 10 30 30 30 30 30 30 30 30 30 30 30 20 20 30 30 30 30 30 30 30 30 30 30 30 30 30 80 80 80 80 80 80 80 80 80 80 80 80 80 80 80 80 80 80 80 80 80 80 80 80 80 10 30 30 30 30 30 30 30 30 30 30 30 30 30 30 30 30 30 30 30 30 30 30 30 30 30 30 30 30 30 30 30 30 80 80 80 90 90 30 30 30 30 30 30 30 30 30 30 30 80 80 80 80 80 80 80 80 80 80 80 80 30 30 30 30 30 30 30 30 20 60 30 60 60 60 30 30 30 30 10 30 60 60 60 60 60 60 60 60 60 60 60 60 60 60 60 60 60 60 60 60 60 60 60 60 60 60 60 60 60 60 60 60 60 60 60 60 60 60 60 60 60 60 60 30 60 60 60 60 60 60 60 60 60 60 60 60 60 60 60 60 60 60 60 60 60 60
30 30 30 30 20 30 30 30 30 30 30 20 30 30 30 30 30 30 30 30 30 30 30 30 30 30 30 30 30 80 80 80 80 80 80 80 80 80 80 80 80 80 80 80 80 80 80 80 80 80 80 80 80 80 80 80 30 30 30 30 30 30 30 30 30 30 30 30 30 30 30 30 30 30 30 30 30 30 30 30 30 30 30 30 30 80 80 80 80 80 90 80 30 30 30 30 30 30 30 30 30 30 80 80 80 80 80 80 80 80 80 80 80 30 30 30 30 30 30 30 30 30 60 60 60 60 60 60 60 60 60 60 30 60 60 60 60 60 60 60 60 60 60 60 60 60 60 60 60 60 60 60 60 60 60 60 60 60 60 60 60 60 60 60 60 60 60 60 60 60 60 60 60 60 60 60 60 60 60 60 60 60 60 60 60 60 60 60 60 60 60 60 60 30 60 60 60 60 60 60
30 30 30 30 30 30 30 30 30 30 30 30 30 30 30 30 30 30 30 30 30 30 30 30 30 30 30 30 30 80 80 80 80 80 80 80 80 80 80 80 80 80 80 80 80 80 80 80 80 80 80 80 80 80 80 80 80 80 10 10 10 30 30 30 30 30 30 30 30 30 30 30 30 30 30 30 30 30 30 30 30 30 30 30 30 30 80 80 80 80 90 80 30 30 30 30 30 30 30 30 30 30 80 80 80 80 80 80 80 80 80 80 80 30 30 30 30 30 30 30 30 30 60 60 60 60 60 60 60 60 60 60 60 60 60 60 60 60 60 60 60 60 60 60 60 60 60 60 60 60 60 60 60 60 60 60 60 60 60 60 60 60 60 60 60 60 60 60 60 60 60 60 60 60 60 60 60 60 60 60 60 60 60 60 60 60 60 60 60 60 60 60 60 30 60 60 60 60 60 60
30 30 30 30 30 30 30 30 30 30 30 30 30 30 30 30 30 30 30 30 30 30 30 30 30 30 30 30 30 80 80 80 80 80 80 80 80 80 80 80 80 80 80 80 80 80 80 80 80 80 80 80 80 80 80 80 80 80 80 80 80 80 10 30 30 30 30 30 30 30 30 30 30 30 30 30 30 30 30 30 30 30 30 30 30 30 30 30 80 80 80 80 30 30 30 30 30 30 30 30 30 80 80 80 80 80 80 80 80 80 80 30 30 30 30 30 30 30 30 30 30 30 60 60 60 60 60 60 60 60 60 60 60 60 60 60 60 60 60 60 60 60 60 60 60 60 60 60 60 60 60 60 60 60 60 60 60 60 60 60 60 60 60 60 60 60 60 60 60 60 60 60 60 60 60 60 60 60 60 60 60 60 60 60 60 60 60 60 60 60 60 60 60 60 30 60 60 60 60 60
10 30 30 30 30 30 30 30 30 30 30 30 30 30 30 30 30 30 30 30 30 30 30 30 30 30 30 30 80 80 80 80 80 80 80 80 80 80 80 80 80 80 80 80 80 80 80 80 80 80 80 80 80 80 80 80 80 80 80 80 80 80 80 80 80 80 80 80 10 30 30 30 30 30 30 30 30 30 30 30 30 30 30 30 30 30 30 80 80 80 80 80 30 30 30 30 30 30 30 30 30 80 80 80 80 80 80 80 80 30 30 30 30 30 30 30 30 30 30 30 30 30 60 60 60 60 60 60 60 60 60 80 60 60 60 60 60 60 60 60 60 60 60 60 60 60 60 60 60 60 60 60 60 60 60 60 60 60 60 60 60 60 60 60 60 60 60 60 30 30 30 30 60 60 60 60 30 60 60 60 60 60 60 60 30 60 60 60 60 60 60 60 30 60 60 30 60 60 60 60
20 20 30 30 20 20 20 30 30 30 30 30 30 30 30 30 30 30 30 30 30 30 30 30 30 30 30 30 80 80 80 80 80 80 80 80 80 80 80 80 80 80 80 80 80 80 80 80 80 80 80 80 80 80 80 80 80 80 80 80 80 80 80 80 80 80 80 80 80 80 10 30 30 30 30 30 30 30 30 30 30 30 30 30 30 30 80 80 80 80 80 80 80 30 30 30 30 30 30 30 80 80 80 80 80 80 80 80 30 30 30 30 30 30 30 30 20 20 20 20 30 30 30 60 60 60 60 60 60 60 60 60 60 60 60 60 60 60 60 60 60 60 60 60 60 60 60 60 60 60 60 60 60 60 60 60 60 60 60 60 60 60 60 60 60 60 60 60 60 30 30 30 60 60 60 60 30 60 60 60 60 60 60 60 60 60 60 60 60 30 60 60 60 30 30 30 30 30 60 60
30 20 20 20 20 20 30 30 30 30 30 30 30 30 30 30 30 30 30 30 30 30 30 30 30 30 30 30 80 80 80 80 30 30 30 30 30 80 80 80 80 80 80 80 80 80 80 80 80 80 80 80 80 80 80 80 80 80 80 80 80 80 80 80 80 80 80 80 80 80 80 10 30 30 30 30 30 30 30 30 30 30 30 30 80 80 80 80 80 80 80 80 80 30 30 80 80 80 80 80 80 80 80 80 30 80 30 30 30 30 30 30 30 30 30 30 20 20 30 30 30 30 30 60 60 60 60 60 60 60 60 60 60 60 60 60 60 60 60 60 60 60 60 60 60 60 60 60 60 60 60 60 60 60 60 60 60 60 60 60 60 60 60 60 60 60 60 60 60 60 60 60 30 60 60 60 30 30 60 60 60 60 30 30 30 30 60 60 30 60 60 60 30 30 30 30 20 30 60 60
20 30 20 20 30 30 30 20 30 30 30 30 30 20 30 30 30 30 30 30 30 30 30 30 30 30 30 30 30 30 80 30 30 30 30 30 30 30 80 80 80 80 80 80 80 80 80 80 80 80 80 80 80 80 80 80 80 80 80 80 80 80 80 80 80 80 80 80 80 80 80 80 80 30 30 30 30 30 30 30 30 30 30 80 80 80 80 80 80 80 80 80 80 30 30 30 80 80 80 80 80 80 80 80 80 30 30 30 30 30 30 30 30 30 30 20 20 30 30 30 30 60 60 60 60 60 60 60 60 60 60 60 60 60 60 60 60 60 60 60 60 60 60 60 60 60 60 60 60 60 60 60 60 60 60 60 60 60 60 60 60 60 60 60 60 60 60 60 60 60 60 60 60 30 30 30 30 30 30 60 30 60 30 30 30 30 60 30 30 60 60 20 30 30 30 30 30 30 60 60
20 20 20 20 30 30 30 20 30 30 30 30 30 30 30 30 30 30 30 30 30 30 30 30 30 30 30 30 30 30 30 30 30 30 30 30 30 30 30 80 80 80 80 80 80 80 80 80 80 80 80 80 80 80 80 80 80 80 80 80 80 80 80 80 80 80 80 80 80 80 80 80 80 80 10 10 30 30 30 30 80 80 80 80 80 80 80 80 80 80 80 80 80 30 30 30 30 30 80 80 80 80 80 80 80 80 30 30 30 30 30 30 30 30 20 20 20 30 30 20 10 60 60 60 60 60 60 60 60 60 60 60 60 60 60 60 60 60 60 60 60 60 60 60 60 60 60 60 60 60 60 60 60 60 60 60 60 60 60 60 60 60 60 60 60 60 60 60 60 60 60 60 60 60 30 30 30 30 30 30 30 20 20 30 30 30 30 20 30 30 30 30 30 30 20 30 30 30 60 20
20 20 20 20 20 20 30 30 30 30 30 30 30 30 30 30 30 30 30 30 30 30 30 30 30 30 30 30 30 30 30 30 30 30 30 30 30 30 30 30 80 80 80 80 80 80 80 80 80 80 80 80 80 80 80 80 80 80 80 80 80 80 80 80 80 80 80 80 80 80 80 80 80 80 80 30 30 30 80 80 80 80 80 80 80 80 80 80 80 80 80 80 80 80 30 30 80 80 80 80 80 80 80 80 80 80 80 30 50 30 30 30 30 30 20 20 30 30 30 30 30 30 60 60 60 60 60 60 60 60 60 60 60 60 60 60 60 60 60 60 60 60 60 60 60 60 60 60 60 60 60 60 60 60 60 60 60 60 60 60 60 60 60 60 60 60 60 60 60 60 30 60 60 60 60 30 30 30 30 20 30 20 60 30 20 30 30 30 30 30 30 30 30 30 30 30 30 30 30 30
20 20 20 20 20 30 30 30 30 30 30 30 30 30 30 30 30 30 30 30 30 30 30 30 30 30 30 30 30 30 30 30 30 30 30 30 30 30 30 30 30 30 30 30 30 30 30 30 30 30 30 80 80 80 80 80 80 80 80 80 80 80 80 80 80 80 80 80 80 80 80 80 80 80 80 80 80 80 80 80 80 80 80 80 80 80 80 80 80 80 80 80 80 80 80 80 80 80 80 80 80 80 80 80 80 80 80 80 80 30 30 30 30 30 10 30 30 30 30 30 30 60 60 60 60 60 60 60 60 60 60 60 60 60 60 60 60 60 60 60 60 60 60 60 60 60 60 60 60 60 60 60 60 60 60 60 60 60 60 60 80 60 60 60 60 60 60 30 60 60 60 60 60 60 60 60 60 30 60 60 30 20 60 30 20 30 30 30 30 30 30 20 30 30 30 30 30 30 30 30
30 30 30 30 30 30 30 80 80 30 30 30 30 30 30 30 30 30 30 30 30 30 30 30 30 30 30 30 30 30 30 30 30 30 30 30 30 30 30 30 30 30 30 30 30 30 30 30 30 30 30 30 30 30 30 80 80 80 80 80 80 80 80 80 80 80 80 80 80 80 80 80 80 80 80 80 80 80 80 80 80 80 80 80 80 80 80 80 80 80 80 80 80 80 80 80 80 80 80 80 80 80 80 80 80 80 80 80 80 30 10 30 20 10 10 20 20 20 20 30 30 30 30 60 60 60 60 60 60 60 60 60 60 60 60 60 60 60 60 60 60 60 60 60 60 60 60 60 60 60 60 60 60 60 60 60 60 80 60 60 60 60 60 60 60 60 60 20 60 60 20 60 60 60 60 60 60 60 60 30 30 60 60 30 20 30 30 30 30 30 30 20 30 30 30 30 30 30 30 30
30 30 30 30 30 30 30 30 30 30 30 30 30 30 30 30 30 30 30 30 30 30 30 30 30 80 30 30 30 30 30 30 30 30 30 30 30 30 30 30 30 30 30 30 30 30 30 30 30 30 30 30 30 30 30 30 80 80 80 80 80 80 80 80 80 80 80 80 80 80 80 80 80 80 80 80 80 80 80 80 80 80 80 80 80 80 80 80 80 80 80 80 80 80 80 80 80 80 80 80 80 80 80 80 80 80 80 80 80 30 30 10 10 10 10 10 20 30 30 30 30 30 30 20 60 60 60 60 60 60 60 60 60 60 60 60 60 60 60 60 60 60 60 60 60 60 60 60 60 60 60 60 60 60 60 60 60 60 60 60 60 60 30 60 60 60 60 20 60 60 60 60 60 30 60 60 60 30 60 30 30 20 60 30 20 30 30 30 30 30 30 30 30 30 30 30 30 30 30 30
30 80 80 80 80 30 30 30 30 30 30 30 30 30 30 30 30 30 30 30 30 30 30 30 30 30 30 30 30 30 30 30 30 30 30 30 30 30 30 30 30 30 30 30 30 30 30 30 30 30 30 30 30 30 30 30 30 30 80 80 30 30 30 80 80 80 80 80 80 80 80 80 80 80 80 80 80 80 80 80 80 80 80 80 80 80 80 80 80 80 80 80 80 80 80 80 80 80 80 80 80 80 80 80 80 80 80 80 30 30 30 10 30 30 30 30 30 20 30 30 30 30 30 20 30 30 60 60 60 60 60 60 60 60 60 60 60 60 60 60 60 60 60 60 60 60 60 60 60 60 60 60 60 60 60 60 60 60 60 60 30 60 60 60 60 60 60 60 60 20 20 60 60 60 60 60 60 60 30 30 20 20 20 30 30 30 30 30 30 30 30 30 30 30 30 30 30 30 30 30
80 80 90 80 80 30 30 30 30 30 30 30 30 30 30 30 30 30 30 30 30 30 30 30 30 30 30 30 30 30 30 30 30 30 30 30 30 30 30 30 30 30 30 30 30 30 30 30 30 30 30 30 30 30 30 30 30 30 30 30 30 30 80 80 80 80 80 80 80 80 80 80 80 80 80 80 80 80 80 80 80 80 80 80 80 80 80 80 80 80 80 80 80 80 80 80 80 80 80 80 80 80 80 80 80 80 80 80 30 30 30 10 10 30 20 20 30 20 30 30 30 30 30 30 30 30 30 30 60 60 60 60 60 60 60 60 60 60 60 60 60 60 60 60 60 60 60 60 60 60 60 60 60 60 60 60 30 60 60 30 20 20 20 60 20 60 30 20 20 20 20 20 60 60 60 60 60 20 30 20 20 20 20 30 30 30 30 30 30 30 30 30 30 30 30 20 30 30 30 30
80 80 80 80 30 30 30 30 30 30 30 30 30 30 30 30 30 30 30 30 30 30 30 30 30 30 30 30 30 30 30 30 30 30 30 30 30 30 30 30 30 30 30 30 30 30 30 30 30 30 30 30 30 30 30 30 30 30 30 30 30 30 80 80 80 80 80 80 80 80 80 80 80 80 80 80 80 80 80 80 80 80 80 80 80 80 80 80 80 80 80 80 80 80 80 80 80 80 80 80 80 80 80 80 80 80 80 30 30 10 10 10 30 30 30 20 30 60 60 60 30 20 60 60 30 30 60 60 30 20 30 60 60 60 60 60 30 30 20 60 20 30 30 30 30 60 60 60 20 60 60 20 20 60 60 60 60 60 20 30 20 20 20 20 20 20 30 20 20 20 20 20 20 20 60 30 30 30 30 30 30 30 30 30 30 20 20 30 30 30 30 30 30 30 30 30 30 20 30 20
30 30 30 30 30 30 30 30 30 30 30 30 30 30 30 30 30 30 30 30 30 30 30 30 30 30 30 30 30 30 30 30 30 30 30 30 30 30 30 30 30 30 30 30 30 30 30 30 30 30 30 30 30 30 30 30 30 30 30 30 30 80 80 80 80 80 80 80 80 80 80 80 80 80 80 80 80 80 80 80 80 80 80 80 80 80 80 80 80 80 80 80 80 80 80 80 80 80 80 80 80 80 80 80 80 80 80 30 30 30 20 30 30 60 60 60 60 30 60 60 60 60 60 60 60 60 60 60 30 30 60 60 60 60 60 60 30 20 30 30 30 30 30 30 30 60 60 60 60 20 30 30 20 20 20 20 20 20 20 30 30 30 30 30 30 30 30 20 20 60 20 20 20 20 20 20 30 30 30 30 30 30 30 30 30 30 20 20 20 30 30 30 30 30 20 30 20 20 10 10
30 30 30 30 30 30 30 30 30 30 30 30 30 30 30 30 30 30 30 30 30 30 30 30 30 30 30 30 30 30 30 30 30 30 30 30 30 30 30 30 30 30 30 30 30 30 30 30 30 30 30 30 30 30 30 30 30 30 30 30 30 80 80 80 80 80 80 80 80 80 80 80 80 80 80 80 80 80 80 80 80 80 80 80 80 80 80 80 80 80 80 80 80 80 80 80 80 80 80 80 80 80 80 80 80 80 30 30 30 30 30 30 30 60 60 60 60 20 60 60 60 60 60 60 60 30 30 60 30 30 60 60 60 60 60 30 30 30 30 30 30 30 30 30 30 30 60 60 60 20 20 30 20 20 30 10 20 20 20 20 30 30 60 30 30 30 30 30 30 60 30 20 20 20 20 20 20 30 30 20 30 30 30 20 30 20 20 30 30 30 20 30 20 30 20 20 30 20 30 30
30 30 30 30 30 30 30 30 30 30 30 30 30 30 30 30 30 30 30 30 30 30 30 30 30 30 30 30 30 30 30 30 30 30 30 30 30 30 30 30 30 30 30 30 30 30 30 30 30 30 30 30 30 30 30 30 30 30 30 30 30 30 80 80 80 80 80 80 80 80 80 80 80 80 80 80 80 80 80 80 80 80 80 80 80 80 80 80 80 80 80 80 80 80 80 80 80 80 80 80 80 80 80 80 80 60 30 30 30 30 30 30 60 30 60 20 20 20 30 60 60 60 60 60 60 30 30 60 60 60 30 60 60 30 60 30 20 60 60 60 60 20 30 30 60 60 60 60 60 60 60 60 30 60 60 60 60 20 60 60 60 60 60 60 60 60 30 30 30 60 60 30 20 20 20 20 20 30 20 20 20 20 20 20 30 30 30 30 30 20 20 20 20 20 20 20 30 30 20 10
30 30 30 30 30 30 30 30 30 30 30 30 30 30 30 30 30 30 30 30 30 30 30 30 30 30 30 30 30 30 30 30 30 30 30 30 30 30 30 30 30 30 30 30 30 30 30 30 30 30 30 30 30 30 30 30 30 30 30 30 30 30 30 30 80 80 80 80 80 80 80 80 80 80 80 80 80 80 80 80 80 80 80 80 80 80 80 80 80 80 80 80 80 80 80 80 80 80 80 80 30 80 80 30 30 30 30 30 30 30 30 30 60 60 60 60 30 60 20 20 20 60 60 30 20 30 30 60 60 60 60 20 60 60 60 60 30 30 60 60 30 30 20 60 60 60 60 60 60 60 60 60 60 60 60 60 60 60 30 60 60 60 60 60 60 60 60 60 60 60 60 30 20 20 20 20 30 20 30 20 20 20 20 20 20 20 20 20 20 10 20 20 10 20 20 30 30 30 30 20
30 30 30 30 30 30 30 30 30 30 30 30 80 80 80 80 30 30 30 30 30 30 30 30 30 30 30 30 30 30 30 30 30 30 30 30 30 30 30 30 30 30 30 30 30 30 30 30 30 30 30 30 30 30 30 30 30 30 30 30 30 30 30 30 30 80 80 80 80 80 80 80 80 80 80 80 80 80 80 80 80 80 80 80 80 80 80 80 80 80 80 80 80 80 80 80 80 80 80 80 80 30 30 30 30 30 30 30 30 30 30 30 30 20 30 30 30 30 30 30 30 30 30 60 30 20 30 30 60 60 30 60 20 20 60 60 30 20 60 60 60 30 60 60 30 60 60 60 60 60 60 60 60 60 60 60 60 60 60 60 30 60 60 60 60 60 60 60 60 60 60 30 30 20 20 20 30 20 20 20 20 20 20 20 20 20 10 20 20 20 20 30 20 20 20 30 30 20 30 30
30 30 30 30 30 30 30 30 30 80 80 80 80 80 30 30 30 30 30 30 30 30 30 30 30 30 30 30 30 30 30 30 30 30 30 30 30 30 30 30 30 30 30 30 30 30 30 30 30 30 30 30 30 30 30 30 30 30 30 30 30 30 30 30 30 30 30 80 80 80 80 80 80 80 80 80 80 80 80 80 80 80 80 80 80 80 80 80 80 80 80 80 80 80 80 80 80 80 80 80 80 30 30 30 30 30 30 30 30 30 30 30 30 20 30 30 30 30 30 30 30 30 30 30 60 20 30 30 60 60 30 30 20 60 60 30 30 60 60 60 60 60 60 60 60 60 60 60 60 60 60 60 60 60 60 60 60 60 60 60 60 60 60 60 60 60 60 60 60 60 60 30 60 60 30 30 20 20 30 30 30 30 30 20 20 20 20 30 20 20 20 30 30 30 30 20 30 20 60 60
30 30 30 30 30 30 30 30 30 80 80 80 80 30 30 30 30 30 30 30 30 30 30 30 30 30 30 30 30 30 30 30 30 30 30 30 30 30 30 30 30 30 30 30 30 30 30 30 30 30 30 30 30 30 30 30 30 30 30 30 30 30 30 30 30 30 30 30 30 30 80 80 80 80 80 80 80 80 80 80 80 80 80 80 80 80 80 80 80 80 80 80 80 80 80 80 80 80 80 80 30 30 30 30 30 30 30 30 30 30 30 30 30 30 30 30 30 30 20 30 30 30 30 30 20 30 30 30 30 30 30 20 20 20 30 30 30 60 60 60 60 60 60 60 60 60 60 60 60 60 60 60 60 60 60 60 60 60 60 60 60 60 60 60 60 60 60 60 30 60 60 60 60 60 30 30 30 30 30 30 30 30 30 20 20 30 30 30 30 30 30 30 30 30 30 30 30 20 60 60
30 30 30 30 30 30 30 80 80 80 80 80 80 80 30 30 30 30 30 30 30 30 30 30 30 30 30 30 30 30 30 30 30 30 30 30 30 30 30 30 30 30 30 30 30 30 30 30 30 30 30 30 30 30 30 30 30 30 30 30 30 30 30 30 30 30 30 30 30 30 30 80 80 80 80 80 80 80 80 80 80 80 80 80 80 80 80 80 80 80 80 80 80 80 80 80 80 80 30 30 20 20 20 20 30 30 30 30 30 30 30 30 30 30 30 30 30 30 30 30 30 30 30 60 60 60 30 30 30 30 20 20 30 20 20 30 20 20 30 60 60 60 60 60 60 60 60 60 60 60 60 60 60 60 60 60 60 60 60 60 60 60 60 60 60 60 60 60 60 60 60 60 60 60 60 60 30 30 10 30 30 30 30 30 30 30 30 30 30 30 30 30 30 30 30 30 30 30 30 30
30 30 30 30 30 30 30 80 80 80 80 80 80 80 30 30 30 30 30 30 30 30 30 30 30 30 30 30 30 30 30 30 30 30 30 30 30 30 30 30 30 30 30 30 30 30 30 30 30 30 30 30 30 30 30 30 30 30 30 30 30 30 30 30 30 30 30 30 30 30 30 30 30 80 80 80 80 80 80 80 80 80 80 80 80 80 80 80 80 80 80 80 80 80 80 80 80 80 30 10 20 20 20 20 30 30 30 30 30 30 30 30 30 30 30 30 30 20 30 30 30 30 30 60 60 60 30 30 30 30 30 60 20 20 60 60 60 60 60 60 60 60 60 60 60 60 60 60 60 60 60 60 60 60 60 60 60 60 60 60 60 60 60 60 60 60 60 60 60 60 60 60 60 60 60 60 60 30 30 60 60 30 30 30 30 30 30 30 30 20 30 30 30 30 30 30 30 30 30 30
30 30 30 30 30 80 80 80 80 80 80 80 80 80 80 80 80 80 30 30 30 30 30 30 30 30 30 30 30 30 30 30 30 30 30 30 30 30 30 30 30 30 30 30 30 30 30 30 30 30 30 30 30 30 30 30 30 30 30 30 30 30 30 30 30 30 30 30 30 30 30 30 30 30 30 30 30 80 80 80 80 80 80 80 80 80 80 80 80 80 80 80 80 80 80 80 80 30 10 10 10 10 20 20 30 30 30 30 30 30 30 30 30 30 30 30 30 30 20 30 30 30 30 60 30 30 30 30 30 30 30 60 60 60 60 60 60 60 60 60 60 60 60 60 60 60 60 60 60 60 60 60 60 60 60 60 60 60 60 60 60 60 60 60 60 60 60 60 60 60 60 60 60 60 60 60 60 30 30 60 60 60 30 60 20 30 30 30 30 30 30 30 20 30 30 30 30 30 30 30
80 80 80 80 80 80 80 80 80 80 80 80 80 80 80 80 30 30 30 30 30 30 30 30 30 30 30 30 30 30 30 30 30 30 30 30 30 30 30 30 30 30 30 30 30 30 30 30 30 30 30 30 30 30 30 30 30 30 30 30 20 30 30 30 30 30 30 30 30 30 30 30 30 30 30 30 20 30 30 80 80 80 80 80 80 80 80 80 80 80 80 80 80 80 30 30 30 30 10 10 20 20 20 20 30 30 30 30 30 30 30 30 30 30 30 30 30 30 20 30 30 30 30 30 30 30 30 30 30 30 60 60 30 60 60 60 60 60 60 60 60 60 60 60 60 60 60 60 60 60 60 60 60 60 60 60 60 60 60 60 60 60 60 60 60 60 60 60 60 60 60 60 60 60 60 60 60 60 60 60 60 60 30 60 60 30 20 30 30 30 30 30 30 20 30 20 20 30 30 30
80 80 80 80 80 80 80 80 80 80 80 80 80 80 80 80 30 30 30 30 30 30 30 30 30 30 30 30 30 30 30 30 30 30 30 30 30 30 30 30 30 30 30 30 30 30 30 30 30 30 30 30 30 30 30 30 30 30 30 30 30 30 30 30 30 30 30 30 30 30 30 30 30 30 30 30 30 30 30 30 80 80 80 80 80 80 80 80 80 80 80 80 80 80 30 30 30 10 20 30 20 20 30 30 20 20 30 30 30 30 30 30 30 30 30 30 30 30 30 30 30 30 30 30 30 30 30 20 20 20 60 60 60 60 60 60 60 60 60 60 60 60 60 60 60 60 60 60 60 60 60 60 60 60 60 60 60 60 60 60 60 60 60 60 60 60 60 60 60 60 60 60 60 60 60 60 60 60 60 60 60 60 60 30 20 20 30 20 30 30 30 30 20 20 30 30 30 30 30 30
80 80 80 80 80 80 80 80 80 80 80 80 80 80 30 30 30 30 30 30 30 30 30 30 30 30 30 30 30 30 30 30 30 30 30 30 30 30 30 30 30 30 30 30 30 30 30 30 30 30 30 30 30 30 30 30 30 30 30 30 30 30 30 30 30 30 30 30 30 30 30 30 30 30 30 30 30 30 30 30 30 30 30 30 30 30 30 80 80 80 80 30 30 30 30 30 30 10 10 30 20 30 30 30 30 30 20 30 30 30 30 30 30 30 30 30 30 30 30 30 30 30 30 20 30 30 30 30 30 60 60 60 60 60 60 60 60 60 60 60 60 60 60 60 60 60 60 60 60 60 60 60 60 60 60 60 60 60 60 60 60 60 60 60 60 60 60 60 60 60 60 60 60 60 60 60 60 60 60 60 60 60 60 60 60 60 60 30 30 20 20 30 30 20 30 30 60 60 60 60
30 30 30 30 80 80 80 80 80 80 80 80 80 30 30 30 30 30 30 30 30 30 30 30 30 30 30 30 30 30 30 30 30 30 30 30 30 30 30 30 30 30 30 30 30 30 30 30 30 30 30 30 30 30 30 30 30 30 30 30 30 30 30 30 30 30 30 30 30 30 30 30 30 30 30 30 30 30 30 30 30 30 30 30 30 30 30 30 30 30 30 30 30 30 30 30 30 30 30 20 20 30 30 20 30 30 30 30 30 30 30 30 30 30 30 30 30 30 30 30 30 30 30 30 30 30 20 20 60 60 60 60 60 60 60 60 60 60 60 60 60 60 60 60 60 60 60 60 60 60 60 60 60 60 60 60 60 60 60 60 60 60 60 60 60 60 60 60 60 60 60 60 60 60 60 60 60 60 60 60 60 60 60 60 60 60 60 60 60 30 30 30 30 60 60 60 30 60 60 60
30 30 30 30 30 30 30 30 30 30 80 30 30 30 30 30 30 30 30 30 30 30 30 30 30 30 30 30 30 30 30 30 30 30 30 30 30 30 30 30 30 30 30 30 30 30 30 30 30 30 30 30 30 30 30 30 30 30 30 30 30 30 30 30 30 30 30 30 30 30 30 30 30 30 30 30 30 30 30 30 30 30 30 30 30 30 30 30 30 30 30 20 30 10 20 20 20 20 20 20 20 20 30 20 30 30 20 20 20 30 30 30 30 30 30 30 20 30 30 30 30 30 30 30 30 30 20 20 30 60 60 60 60 60 60 60 60 60 60 60 60 60 60 60 60 60 60 60 60 60 60 60 60 60 60 30 60 60 60 60 60 60 60 60 60 60 60 60 60 60 60 60 60 60 60 60 60 60 60 60 60 60 60 60 60 60 60 60 60 60 60 60 60 60 60 30 30 30 60 30
30 30 30 30 30 30 30 30 30 30 30 30 30 30 30 30 30 30 30 30 30 30 30 30 30 30 30 30 30 30 30 30 30 30 30 30 30 30 30 30 30 30 30 30 30 30 30 30 30 30 30 30 30 30 30 30 30 30 30 30 30 30 30 30 30 30 30 30 30 30 30 30 30 30 30 30 30 30 30 30 30 30 30 30 30 30 30 20 10 20 20 30 30 20 20 20 20 20 20 20 20 30 20 20 30 20 20 20 20 30 30 30 30 30 30 20 30 30 30 30 30 30 30 30 20 20 20 30 60 60 60 60 60 60 60 60 60 60 60 60 60 60 60 60 60 60 60 60 60 60 60 60 60 60 60 60 60 60 60 60 60 60 60 60 60 60 60 60 60 60 60 60 60 60 60 60 60 60 60 60 60 60 60 60 60 60 60 60 60 60 60 60 60 60 60 30 60 30 60 60
30 30 30 30 30 30 30 30 30 30 30 30 30 30 30 30 30 30 30 30 30 30 30 30 30 30 30 30 30 30 30 30 30 30 30 30 30 30 30 30 30 30 30 30 30 30 30 30 30 30 30 30 30 30 30 30 30 30 30 30 30 30 30 30 30 30 30 30 30 30 30 30 30 30 30 30 30 30 30 30 30 30 30 30 20 20 30 30 20 20 30 30 20 20 20 30 30 20 30 20 20 30 20 20 10 30 20 30 30 30 30 30 30 30 30 30 30 30 30 30 30 30 30 30 30 30 30 20 60 60 60 60 60 60 60 60 60 60 60 60 60 60 60 60 60 60 60 60 60 60 60 60 60 60 60 60 60 60 60 60 60 60 60 60 60 60 60 60 60 60 60 60 60 60 60 60 60 60 60 60 60 60 60 60 60 60 60 60 60 60 60 60 60 60 60 60 60 60 60 60
