40 20 20 40 40 40 40 30 40 40 40 40 30 30 50 50 50 40 30 30 40 40 40 40 40 40 30 40 40 40 40 40 40 40 20 40 30 30 30 40 20 20 30 20 40 40 40 40 40 30 40 40 40 30 40 40 30 40 40 40 40 40 40 40 40 40 40 40 40 40 40 40 40 40 40 40 40 40 30 30 10 40 40 40 40 40 40 30 40 40 40 30 40 40 40 40 30
40 40 30 20 20 20 30 20 40 30 40 40 30 30 10 20 50 40 30 40 40 40 40 40 40 30 30 40 40 40 40 40 40 40 40 40 30 30 40 40 40 20 20 20 20 10 20 40 30 40 40 40 40 30 30 40 40 40 40 40 40 40 40 40 40 40 40 40 40 40 40 40 40 40 40 40 40 30 40 30 30 30 40 40 40 40 30 40 40 40 40 40 40 40 40 40 40
30 30 20 20 30 30 30 30 20 40 40 40 20 20 30 40 40 40 40 40 40 40 40 40 40 30 40 40 40 40 40 40 40 30 30 40 40 40 40 30 30 40 20 20 20 20 10 20 30 20 30 40 40 30 30 40 40 40 40 40 40 40 40 40 40 40 40 40 40 40 40 40 40 30 10 40 30 40 40 40 20 30 40 40 40 40 40 40 40 40 40 40 40 40 40 40 40
20 20 20 20 30 20 40 30 30 30 30 20 20 40 40 40 40 40 30 30 40 40 40 40 40 30 40 40 40 40 40 40 30 40 40 40 40 40 40 40 40 40 30 20 20 20 30 20 30 30 40 40 30 30 30 40 40 40 40 40 40 40 40 40 40 40 40 40 40 40 40 40 40 40 40 40 40 40 40 40 30 40 40 40 40 40 40 40 40 40 40 40 40 40 40 40 40
20 20 20 20 20 30 40 30 40 40 30 20 30 30 40 30 30 40 40 40 40 40 40 40 30 40 40 40 40 40 30 40 40 40 40 40 40 40 30 30 40 40 40 40 20 30 20 20 20 30 20 40 20 40 30 40 40 40 40 40 40 40 40 40 40 40 40 40 40 30 40 40 30 40 40 30 40 30 30 30 40 40 30 20 40 40 40 40 40 10 40 40 40 40 40 40 40
20 20 20 20 40 20 30 30 30 20 20 30 20 40 30 30 40 40 40 40 40 40 40 30 30 40 40 40 20 40 40 10 40 40 40 30 40 30 40 40 40 40 20 40 40 20 20 20 20 20 20 20 40 40 30 30 40 40 40 30 40 40 40 40 40 40 40 40 40 40 40 40 40 30 30 40 40 40 40 40 30 30 60 30 30 30 20 30 40 10 40 40 40 40 40 40 40
20 20 20 30 40 20 30 30 20 40 30 30 20 30 30 10 20 20 30 30 20 30 30 40 40 30 40 40 40 40 40 10 40 40 30 40 40 40 40 40 40 40 40 40 30 20 20 20 30 20 20 30 20 30 30 40 20 40 40 40 40 40 40 30 40 40 40 40 40 40 40 40 40 40 40 40 40 40 30 40 40 40 40 40 40 40 40 30 40 40 40 40 40 40 40 40 40
20 20 20 20 20 20 20 30 20 20 30 40 30 30 30 30 40 20 20 20 30 30 30 40 30 30 40 40 40 30 40 40 40 40 40 40 40 40 30 20 30 40 40 40 40 30 20 20 20 20 20 20 20 20 20 10 10 40 40 40 40 40 40 40 40 30 40 40 40 40 40 40 40 40 40 40 40 40 30 40 40 30 40 40 40 40 30 40 30 40 40 40 40 40 40 30 10
20 20 20 20 20 20 40 40 30 20 20 20 30 20 20 10 20 20 20 20 20 30 30 50 40 30 40 30 30 40 30 40 40 30 40 40 40 30 40 40 40 30 40 40 40 40 20 20 20 20 20 10 10 20 20 10 20 10 40 30 30 30 30 40 40 30 30 40 40 40 40 40 40 40 40 40 40 30 40 40 40 40 40 40 30 40 10 40 40 40 40 40 40 40 40 40 40
20 20 20 20 30 40 20 20 40 10 40 40 40 40 40 40 40 20 30 30 30 30 30 30 30 40 30 10 40 30 40 30 40 40 40 40 40 40 40 40 40 40 40 40 40 30 10 20 20 20 20 20 20 20 20 20 20 20 40 40 40 40 40 40 40 40 30 30 30 40 40 40 40 40 40 40 40 40 40 30 30 40 40 40 40 40 40 40 40 40 40 40 40 40 40 40 40
20 20 20 20 20 20 20 20 20 30 40 40 40 40 30 40 40 20 20 20 30 30 30 80 30 30 40 20 30 40 30 40 40 40 40 40 40 30 40 40 40 40 30 40 10 30 20 20 20 20 20 20 20 20 10 10 20 10 20 40 40 30 40 40 40 40 40 30 30 40 40 40 40 40 40 40 40 40 40 30 40 40 40 40 40 40 40 40 40 40 40 40 40 40 40 40 40
20 20 20 20 20 20 20 20 10 40 40 40 30 40 40 40 30 10 20 20 20 40 40 30 30 40 40 30 30 20 40 30 40 40 40 40 40 30 30 40 30 40 40 40 40 40 30 10 20 20 20 20 20 40 20 20 20 20 40 30 40 40 60 40 40 40 40 30 40 40 40 40 30 30 40 40 40 40 40 40 40 40 30 40 40 40 40 40 40 40 40 40 40 40 40 40 40
20 20 30 10 20 20 20 20 20 40 30 40 40 40 30 40 30 40 40 30 30 30 30 30 30 30 30 30 30 40 20 40 40 30 40 40 40 40 40 40 20 30 40 40 40 10 10 30 20 20 20 40 40 40 40 20 20 30 40 40 40 20 20 40 40 40 40 30 40 40 40 40 40 40 40 40 40 40 40 40 40 40 40 40 40 40 40 40 40 40 40 40 40 40 40 40 40
20 20 20 20 20 20 20 20 20 20 20 40 40 40 30 30 20 40 30 30 40 40 40 30 30 40 30 30 30 20 20 20 30 30 40 30 40 40 10 40 40 40 40 40 30 30 40 10 10 20 10 10 30 30 40 40 30 40 40 10 10 40 30 30 30 40 40 10 40 30 40 40 40 40 40 40 30 40 40 40 40 30 40 30 30 30 30 40 30 40 40 40 40 40 40 40 40
10 20 20 20 20 20 20 20 20 20 30 20 40 40 40 30 40 40 40 40 30 40 40 40 30 40 40 40 40 30 20 20 20 20 40 40 30 20 10 20 40 40 40 40 40 40 40 30 20 10 20 20 20 30 30 10 30 10 30 20 20 20 40 20 30 40 40 40 40 50 40 30 30 40 40 40 40 40 40 40 10 40 30 30 10 50 40 50 20 40 30 40 30 30 40 40 40
20 20 20 20 20 10 20 20 20 20 20 20 20 30 20 40 40 30 40 40 30 40 40 40 30 40 30 40 40 30 20 10 20 20 10 40 30 40 30 40 20 40 40 40 40 40 40 20 20 20 10 20 20 10 30 10 40 40 20 10 40 30 30 10 40 40 40 30 40 40 40 40 40 40 40 40 40 40 40 40 30 10 30 30 50 10 40 40 20 40 30 40 40 30 30 30 40
20 20 20 20 20 20 20 20 20 20 20 20 30 30 20 30 30 40 40 40 40 40 30 30 30 30 40 30 40 40 40 40 30 20 10 20 30 30 30 40 40 40 40 80 40 30 30 20 20 20 20 20 20 20 20 30 10 20 20 20 40 40 30 40 40 40 20 40 30 40 40 40 30 30 40 40 40 40 40 40 50 50 30 30 10 50 50 10 20 10 40 40 40 40 40 30 30
20 20 20 20 20 20 20 20 10 20 20 20 20 20 20 20 10 10 20 40 30 20 20 20 40 40 40 40 40 40 40 30 30 30 40 20 30 30 30 10 40 40 40 30 40 30 30 20 30 10 20 30 40 10 20 20 10 20 40 40 40 30 40 40 40 40 30 40 30 40 40 40 40 40 40 30 40 40 30 30 50 50 30 30 10 50 50 50 10 40 40 40 40 40 40 40 40
20 20 20 20 20 20 20 20 20 10 20 20 20 20 20 20 20 20 20 40 20 20 30 40 20 40 40 40 40 40 40 40 40 40 40 40 30 30 30 40 80 30 30 40 40 40 40 40 40 20 40 40 40 40 40 40 10 30 30 40 40 40 30 30 40 40 40 40 30 40 40 40 40 30 40 40 40 40 50 50 50 50 40 50 50 50 50 30 30 40 40 40 40 40 40 40 40
20 10 50 20 20 20 20 30 20 10 20 20 30 20 20 20 30 30 40 20 40 40 30 20 30 40 40 40 30 30 30 40 40 30 30 20 20 30 40 40 40 30 30 40 40 40 40 40 40 10 40 40 40 40 30 30 30 20 30 20 30 40 40 30 40 40 30 40 40 40 40 40 30 40 40 40 40 30 20 50 30 30 50 50 20 50 20 30 20 20 30 40 40 40 40 40 40
60 20 20 30 40 30 20 10 30 10 30 20 20 20 20 40 20 20 20 30 30 20 20 30 40 40 40 40 30 30 30 20 20 20 20 20 20 20 20 30 40 40 40 30 30 30 40 20 40 30 40 40 30 40 40 30 30 20 20 20 30 30 40 40 40 30 40 40 40 40 40 30 30 30 40 40 40 40 40 30 40 40 30 30 40 40 20 20 30 20 20 40 40 40 40 40 40
30 10 20 20 20 20 20 40 30 40 20 20 20 20 20 20 20 20 20 20 30 30 10 20 40 40 40 10 20 30 20 30 20 40 40 30 40 20 20 20 30 30 40 40 40 40 40 20 40 30 40 20 40 10 40 20 30 20 30 20 10 30 40 40 40 40 40 40 40 40 40 30 40 30 30 30 10 30 40 40 40 30 40 30 30 30 40 40 30 10 20 40 30 40 20 40 40
80 10 20 20 30 40 40 40 40 40 20 20 20 20 20 20 20 20 20 20 20 20 20 20 40 40 30 30 30 30 30 30 40 40 40 30 30 20 30 20 20 20 20 20 20 30 20 40 20 30 30 40 20 10 30 30 20 30 20 30 30 30 40 40 40 40 40 40 40 20 30 30 40 20 30 40 40 40 40 40 40 40 40 40 40 30 30 40 40 40 40 40 40 40 40 40 40
80 10 20 20 20 30 40 40 40 40 20 20 20 20 20 20 20 20 20 20 20 20 20 20 20 40 20 30 30 30 30 30 40 40 10 10 10 40 40 30 20 20 20 30 20 20 30 10 20 30 40 30 30 10 20 30 30 20 20 20 20 30 30 40 20 40 40 40 30 20 10 40 30 20 50 30 30 40 40 40 40 40 40 40 40 30 30 40 30 40 40 30 40 40 30 40 30
80 80 30 20 40 20 20 40 40 40 20 20 20 20 20 20 20 40 30 20 20 30 20 20 20 20 30 30 30 40 30 40 40 30 10 10 10 40 40 20 20 20 30 10 10 20 20 40 30 30 40 30 30 40 20 20 20 20 20 20 20 20 40 30 30 40 40 30 40 10 30 40 40 50 40 50 30 40 40 40 40 40 30 40 40 40 40 40 40 40 30 40 40 40 30 30 20
80 80 50 20 20 20 30 40 40 40 20 20 20 20 20 20 20 20 40 40 20 20 20 20 20 20 20 20 40 20 10 30 30 30 20 10 20 10 30 20 20 10 20 20 10 20 10 80 40 30 40 10 20 30 20 20 20 10 30 30 30 30 10 30 40 40 40 30 20 40 30 30 40 30 30 20 40 40 40 30 40 40 40 40 30 40 30 30 30 30 40 40 40 30 30 40 40
80 80 30 20 20 20 20 30 40 30 20 20 20 20 20 20 20 20 40 40 40 20 20 20 20 20 20 20 20 10 30 20 10 30 20 20 20 20 30 30 30 20 30 20 20 20 30 30 20 20 20 20 10 10 20 20 10 10 30 30 20 10 30 20 30 40 40 40 50 40 40 10 40 40 30 40 40 40 40 40 40 40 40 40 40 40 40 40 40 40 30 40 40 40 40 40 30
80 80 80 10 20 20 20 20 30 40 20 20 20 20 20 20 20 40 30 20 40 20 20 20 20 20 20 20 20 20 20 50 50 50 50 30 30 10 10 20 30 10 10 30 30 30 20 20 10 30 30 20 20 10 20 20 10 20 20 30 10 40 40 40 40 40 40 30 40 40 40 40 40 40 40 40 40 40 40 40 40 40 40 30 40 40 30 30 30 40 40 40 40 40 40 30 30
80 80 80 80 20 20 20 20 30 40 30 20 20 20 20 20 30 20 20 20 20 20 10 10 20 20 30 20 20 20 20 20 20 30 30 50 10 10 10 10 10 10 10 20 20 30 20 20 30 20 20 20 30 30 30 20 20 20 20 10 10 10 30 40 40 40 20 20 20 30 30 40 40 40 40 40 40 40 40 10 40 40 30 30 20 30 40 30 30 40 30 30 30 40 40 30 40
80 80 80 80 20 20 20 20 20 10 20 30 20 20 20 20 20 10 20 20 20 20 20 20 30 20 20 20 10 20 30 10 20 20 40 20 20 10 20 10 10 10 20 20 20 30 20 10 30 20 20 30 30 10 20 20 10 30 10 40 30 30 40 40 30 40 40 40 40 40 40 40 40 40 40 30 30 40 40 40 30 40 30 40 30 20 30 30 30 30 40 30 30 40 30 30 30
80 80 60 20 20 20 20 20 20 20 10 10 20 20 20 20 20 20 20 10 20 20 20 20 20 20 20 20 20 10 10 10 20 10 20 20 10 20 20 30 20 20 10 10 40 10 20 20 30 30 20 20 20 20 30 30 30 20 10 40 30 10 30 40 40 30 80 40 40 40 40 40 40 40 40 40 40 40 40 40 40 40 40 10 20 30 30 40 40 40 30 40 40 20 30 30 30
80 80 20 20 20 20 20 20 20 20 20 20 20 20 20 20 20 20 20 20 20 20 20 20 20 20 40 30 10 20 10 20 20 20 10 20 20 10 20 10 20 20 20 30 40 10 20 20 10 10 20 10 30 30 40 20 20 20 10 10 20 10 40 40 40 40 40 40 30 30 40 40 40 40 40 40 40 10 10 30 40 40 40 40 30 30 40 40 40 30 20 40 40 40 40 40 40
80 80 80 20 20 20 20 20 20 20 10 20 10 20 20 20 20 10 20 10 20 20 20 20 20 10 10 20 20 20 10 20 20 10 20 10 20 10 20 20 20 10 10 50 30 10 20 10 30 10 40 30 30 40 10 50 20 20 20 10 10 10 20 30 40 40 40 40 40 50 30 30 30 50 40 40 40 40 20 40 40 30 40 30 30 30 40 40 40 40 40 40 40 40 20 30 30
80 90 20 20 20 20 20 10 20 20 20 20 20 20 20 20 10 20 20 20 20 20 30 50 10 10 20 20 20 20 20 20 20 10 10 30 30 20 20 30 20 20 20 50 20 30 10 10 30 30 30 40 40 40 30 50 40 40 30 30 50 30 10 20 40 40 40 40 40 40 40 40 30 40 40 40 30 40 30 40 30 40 10 20 40 40 40 40 40 40 40 40 40 40 80 30 40
80 30 20 20 20 20 10 20 20 20 20 20 20 20 20 20 20 20 10 10 20 20 20 20 10 20 20 20 20 20 20 20 20 20 10 30 50 50 50 30 20 30 20 10 10 10 10 10 10 20 30 30 30 30 40 50 20 30 30 40 40 30 40 40 40 30 40 40 40 40 40 40 40 40 40 40 40 40 40 40 40 40 20 40 40 30 30 40 40 40 40 40 40 40 40 40 40
80 20 20 20 20 20 20 10 20 20 20 20 20 20 20 20 20 20 20 20 20 20 20 20 20 20 20 20 10 20 20 20 20 20 20 20 50 30 50 50 30 30 20 20 10 20 30 20 20 20 20 30 20 20 30 30 40 30 30 40 30 30 40 30 30 40 40 40 30 40 40 40 40 40 30 40 40 30 30 40 40 40 30 30 30 40 30 40 40 40 40 30 40 40 20 30 30
80 20 30 20 20 20 20 30 20 20 20 20 20 20 20 20 20 20 20 20 20 20 20 20 30 20 20 20 20 20 20 20 20 20 20 20 50 40 50 50 30 20 20 20 20 20 20 10 10 30 20 10 20 20 30 30 20 30 30 40 40 40 40 30 30 50 40 40 40 40 40 80 40 40 40 40 40 40 40 10 10 40 40 40 30 30 30 40 30 40 40 30 40 30 20 30 40
80 30 20 20 20 20 10 20 20 30 20 20 20 20 20 20 20 20 20 20 20 20 20 30 20 20 10 20 10 10 20 20 20 20 20 60 20 30 50 10 40 30 20 20 20 30 20 30 10 20 30 20 10 20 20 10 20 30 30 10 60 40 30 40 30 40 40 40 40 40 40 40 40 40 40 40 40 60 20 20 20 40 40 30 40 40 40 30 40 40 30 40 40 30 30 30 30
80 10 20 20 20 20 20 20 20 30 10 20 20 30 20 20 20 20 20 20 20 30 20 20 20 20 20 10 10 20 20 20 20 20 20 20 30 20 50 40 30 50 30 30 20 20 10 20 10 20 10 10 10 10 30 10 20 30 20 20 40 10 20 30 50 40 40 40 30 40 40 40 40 40 40 40 20 10 40 20 40 50 30 10 40 40 40 30 50 40 40 40 30 20 30 20 20
80 80 60 20 80 80 80 80 20 20 20 20 20 20 20 20 20 20 20 20 20 20 10 30 20 20 20 10 20 20 20 20 20 20 20 50 50 50 30 50 30 20 20 20 30 30 30 30 10 10 10 20 10 30 30 30 10 20 20 20 20 20 20 30 30 10 30 30 50 40 40 40 40 40 30 40 40 10 30 40 40 40 40 30 30 40 40 40 30 40 40 30 30 30 20 30 20
80 80 80 80 80 80 80 80 80 60 20 20 20 20 20 20 20 20 20 20 20 10 20 20 20 20 20 30 20 20 20 20 10 20 10 30 20 50 30 10 10 20 20 20 20 20 30 20 20 10 20 20 30 20 30 30 10 30 30 20 20 20 20 30 40 40 40 40 40 10 40 40 40 40 40 40 40 40 40 40 40 30 30 40 20 40 40 30 40 40 40 30 30 30 30 30 20
80 80 80 80 80 80 80 80 80 80 60 10 10 20 20 10 20 20 20 20 20 20 20 20 20 30 60 60 60 20 20 20 20 20 30 50 50 10 30 50 20 30 20 30 30 40 20 20 50 20 20 20 30 30 30 30 20 30 30 10 30 20 50 30 40 30 30 40 40 40 40 40 40 40 40 40 40 40 30 40 40 30 40 40 20 20 40 40 40 40 30 40 40 30 10 20 10
80 80 80 80 80 80 80 80 80 80 80 30 20 20 20 20 20 20 20 20 20 10 20 20 20 20 60 60 20 20 20 20 20 50 30 50 50 50 20 20 50 30 30 30 40 50 20 20 40 30 10 10 30 30 10 30 40 10 30 30 30 10 60 40 30 30 40 40 40 10 30 30 40 40 40 40 40 40 40 40 40 40 40 10 30 40 30 40 30 30 40 40 40 30 30 30 30
80 80 80 80 80 80 80 80 80 80 80 30 20 20 20 20 20 20 20 20 20 20 20 20 20 20 60 60 20 20 20 50 50 10 30 50 50 20 10 10 50 30 50 40 30 30 30 30 30 30 30 40 30 50 20 20 20 30 30 40 40 20 40 30 40 40 40 40 30 40 30 30 40 40 40 40 40 40 40 40 30 40 40 40 40 40 40 40 20 30 30 30 40 40 20 20 40
80 80 80 80 80 80 80 80 80 80 80 20 20 10 10 20 20 20 20 20 20 20 20 20 20 60 60 60 60 20 20 20 10 10 50 20 20 20 20 30 20 20 10 20 30 10 30 30 30 30 20 20 10 40 30 20 30 30 30 30 50 10 30 30 40 40 40 30 50 40 40 40 50 40 40 40 40 30 30 40 40 40 40 40 40 40 40 40 40 20 30 30 30 20 20 30 30
80 80 80 80 80 80 80 80 80 80 80 80 80 10 10 20 20 20 20 20 20 50 20 20 20 20 60 60 60 20 20 20 20 20 50 50 20 20 20 20 20 20 10 10 10 10 30 30 40 30 30 10 10 20 20 40 10 30 10 10 50 20 20 40 40 40 40 40 40 40 40 40 30 30 40 40 40 40 40 40 40 40 40 30 30 30 30 40 40 30 30 30 30 30 40 40 30
80 80 80 80 80 80 80 80 80 80 80 80 80 80 20 20 10 20 10 20 20 20 20 20 20 20 60 20 20 20 20 20 20 20 20 30 10 20 20 20 20 20 30 10 10 30 30 30 30 10 30 20 30 10 10 10 20 30 30 30 30 30 30 40 40 40 40 40 40 30 40 40 40 30 40 40 40 40 40 40 40 40 40 30 40 30 40 30 30 40 30 30 30 20 40 10 40
80 80 80 80 80 80 80 80 80 80 80 80 80 80 10 20 20 10 10 20 20 20 20 20 30 20 20 20 20 20 10 20 10 10 20 80 10 20 20 20 20 20 30 30 40 20 10 30 20 20 10 20 20 10 20 20 20 10 50 50 50 30 40 40 40 40 40 40 40 40 30 40 30 40 40 40 40 40 40 40 40 30 30 40 40 40 30 30 30 40 40 40 30 40 40 40 30
80 80 80 80 80 80 80 80 80 80 80 80 80 80 20 20 10 10 10 10 20 20 20 20 20 20 30 20 20 20 10 10 20 20 30 10 10 20 20 20 20 10 10 20 20 30 20 30 20 20 20 20 40 40 40 30 10 10 40 30 10 20 40 40 40 40 10 40 40 40 40 40 40 40 40 40 40 40 30 40 40 40 40 40 40 30 30 40 40 40 40 40 40 30 40 30 30
80 80 80 80 80 80 80 80 80 80 80 80 80 80 80 80 30 20 10 10 20 20 20 20 20 30 20 20 20 10 20 20 20 30 10 20 20 20 20 20 20 30 10 40 30 40 30 40 30 20 20 20 40 40 40 40 30 30 40 40 30 30 40 40 40 30 40 40 40 40 40 40 40 40 40 40 40 40 40 40 40 40 40 40 40 40 40 40 40 40 40 40 40 40 40 40 20
80 80 80 80 80 80 80 80 80 80 80 80 80 80 80 80 80 80 80 10 10 20 20 20 20 20 20 20 20 10 20 20 10 10 30 30 20 20 20 20 30 10 30 30 30 40 40 30 10 20 20 20 40 40 40 40 50 40 40 40 40 40 40 40 40 30 40 40 40 40 40 40 40 30 30 40 40 40 30 40 40 40 40 40 40 40 40 40 40 40 40 40 40 40 30 40 30
80 80 80 80 80 80 80 80 80 80 80 80 80 80 80 80 80 80 80 60 10 20 20 20 20 20 20 20 30 20 20 20 10 20 20 20 30 30 30 10 20 40 30 30 30 40 30 20 20 30 20 20 20 40 40 40 40 40 40 40 40 40 40 40 40 40 40 40 40 40 40 40 40 40 40 40 30 40 40 40 40 40 40 30 40 40 40 40 40 40 40 40 40 30 40 30 30
80 80 80 80 80 80 80 80 80 80 80 80 80 80 80 80 80 80 80 80 10 10 20 20 20 20 20 20 20 10 20 20 20 10 20 20 30 30 60 30 20 20 40 40 40 40 40 30 10 10 40 40 30 40 40 40 40 40 40 40 40 40 40 40 30 40 40 40 40 40 40 30 30 40 30 40 40 30 40 40 40 40 40 40 40 50 40 40 40 40 40 40 40 40 40 40 30
80 80 80 80 80 80 80 80 80 80 80 80 80 80 80 80 80 80 80 80 80 20 10 30 60 20 60 20 10 20 20 20 20 20 20 10 10 30 30 40 20 30 40 40 40 40 40 40 10 30 40 40 40 40 50 40 40 40 40 40 40 40 40 40 40 40 40 40 40 40 40 40 30 30 40 40 40 30 40 30 40 40 40 40 40 40 10 40 40 30 40 40 40 40 30 40 40
80 80 80 80 80 80 80 80 80 80 80 80 80 80 80 80 80 80 80 80 80 60 10 20 60 20 20 20 20 20 20 20 10 20 20 20 20 30 10 20 30 40 40 40 40 40 40 40 30 20 40 40 40 40 40 40 40 40 40 40 40 40 40 40 40 40 40 40 40 40 40 10 40 20 20 30 40 40 40 40 40 40 40 40 40 40 40 40 40 30 40 40 40 40 10 40 40
80 80 80 80 80 80 80 80 80 80 80 80 80 80 80 80 80 80 80 80 80 80 30 60 60 20 20 20 20 20 20 20 20 20 30 30 30 30 20 40 20 40 40 40 40 40 40 30 30 30 40 40 40 40 40 40 40 30 40 40 40 40 40 40 40 40 40 40 40 40 40 30 30 40 10 20 40 40 40 40 40 40 40 40 40 40 40 40 30 40 40 40 40 40 40 40 40
80 80 80 80 80 80 80 80 80 80 80 80 80 80 80 80 80 80 80 80 80 80 80 60 20 20 20 20 20 20 20 20 20 20 30 40 30 10 20 40 30 30 40 40 40 40 40 40 30 30 30 40 50 40 40 40 40 40 40 40 40 40 40 40 40 40 40 40 40 40 40 40 30 40 20 10 20 40 40 40 40 40 40 40 40 40 40 40 40 40 40 40 40 30 20 40 40
80 80 80 80 80 80 80 80 80 80 80 80 80 80 80 80 80 80 80 80 80 80 80 80 20 20 20 20 20 20 20 20 20 20 20 30 20 30 30 20 20 30 40 40 40 40 40 40 30 40 30 40 40 40 40 40 40 40 40 30 30 40 30 40 40 40 40 30 40 40 40 30 40 40 30 30 30 30 40 40 40 40 40 40 40 40 40 40 30 40 40 40 40 10 40 40 40
80 80 80 80 80 80 80 80 80 80 80 80 80 80 80 80 80 80 80 80 80 80 80 80 20 20 10 20 40 20 20 20 20 20 20 40 30 40 40 40 20 30 40 40 40 40 40 30 30 30 40 40 40 40 40 40 50 40 40 40 40 40 40 40 40 20 40 40 40 40 40 40 40 30 30 30 30 30 40 40 30 40 40 40 40 40 10 40 40 40 40 40 40 40 40 40 40
80 80 80 80 80 80 80 80 80 80 80 80 80 80 80 80 80 80 80 80 80 80 80 80 60 20 30 10 20 20 20 20 20 20 20 40 20 40 40 40 30 30 20 40 40 40 20 30 40 40 30 40 40 40 20 40 40 40 40 40 40 40 40 40 40 40 40 40 30 40 40 40 40 40 30 40 50 30 40 30 40 40 40 40 40 30 40 40 40 40 40 40 40 10 20 40 30
80 80 80 80 80 80 80 80 80 80 80 80 80 80 80 80 80 80 80 80 80 80 80 80 80 50 50 20 20 20 30 20 20 20 20 20 60 40 30 40 40 20 10 10 30 40 40 30 40 30 40 40 40 40 40 40 40 40 40 40 40 40 40 40 40 40 30 40 50 40 40 40 40 40 40 40 40 40 40 40 40 40 40 40 40 40 40 40 40 40 40 40 30 40 40 40 40
80 80 80 80 80 80 80 80 80 80 80 80 80 80 80 80 80 80 80 80 80 80 80 80 80 30 30 20 20 20 30 20 30 20 20 30 40 30 40 40 40 30 40 40 40 40 40 30 30 40 40 40 40 40 40 40 40 40 40 40 40 40 40 40 40 40 40 40 40 40 40 40 40 40 40 40 40 30 40 30 40 40 30 30 40 40 40 40 40 40 40 40 40 40 40 40 40
80 80 80 80 80 80 80 80 80 80 80 80 80 80 80 80 80 80 80 80 80 80 80 80 80 80 20 10 20 20 30 20 30 30 20 20 40 40 40 30 20 30 40 40 40 40 40 40 40 40 40 40 40 40 40 40 40 40 40 40 40 30 40 40 40 40 40 40 40 40 40 40 30 40 40 40 40 40 30 40 40 20 30 30 10 40 40 40 40 40 40 30 40 20 40 40 40
80 80 80 80 80 80 80 80 80 80 80 80 80 80 80 80 80 80 80 80 80 80 80 80 80 80 60 10 50 50 20 30 20 20 20 30 30 20 30 30 40 30 40 40 40 40 40 40 40 30 40 40 40 30 40 40 80 40 40 40 40 40 10 40 40 40 40 40 40 40 40 40 40 30 30 40 40 10 40 40 40 30 30 40 40 40 40 40 50 40 10 40 40 20 40 40 40
80 80 80 80 80 80 80 80 80 80 80 80 80 80 80 80 80 80 80 80 80 80 80 80 80 80 80 10 50 30 20 20 20 20 10 20 20 40 20 30 30 30 40 40 40 40 40 40 40 40 40 40 40 40 30 40 40 40 40 40 40 40 40 30 40 40 40 40 40 40 40 40 40 30 40 40 40 30 30 40 40 40 40 40 40 40 40 40 40 40 40 40 40 40 40 40 40
80 80 80 80 80 80 80 80 80 80 80 80 80 80 80 80 80 80 80 80 80 80 80 80 80 80 80 30 10 20 20 20 20 20 20 30 40 40 30 20 40 40 40 40 40 40 30 40 40 40 40 40 40 40 40 40 40 40 40 40 40 40 40 40 10 40 40 40 40 40 40 40 40 40 40 40 40 40 20 40 40 30 20 40 40 40 40 40 30 30 40 40 40 40 30 40 40
80 80 80 80 80 80 80 80 80 80 80 80 80 80 80 80 80 80 80 80 80 80 80 80 80 80 80 60 50 20 20 20 10 20 20 40 40 40 40 40 30 50 40 30 40 30 30 30 40 40 40 40 40 30 20 40 40 40 40 40 40 40 40 40 40 40 30 40 40 40 40 40 40 40 40 40 40 40 10 40 50 30 40 40 40 40 30 40 40 40 40 40 40 40 30 40 40
80 80 80 80 80 80 80 80 80 80 80 80 80 80 80 80 80 80 80 80 80 80 80 80 80 80 80 80 50 10 10 10 20 10 40 40 40 40 40 30 40 40 40 30 40 30 40 40 30 40 20 30 30 30 30 40 40 40 40 40 40 40 40 40 40 40 40 40 40 40 40 40 40 40 40 40 40 40 40 30 40 30 40 40 40 40 40 40 40 40 40 40 40 40 40 30 40
80 80 80 80 80 80 80 80 80 80 80 80 80 80 80 80 80 80 80 80 80 80 80 80 80 80 80 80 50 10 20 20 20 40 40 40 40 40 40 40 40 40 40 40 30 30 10 30 20 30 30 20 20 30 30 40 40 30 40 40 40 40 40 40 40 40 40 40 40 40 40 40 40 40 40 40 40 40 40 40 40 40 50 40 30 40 40 40 40 40 40 40 40 40 40 40 40
80 80 80 80 80 80 80 80 80 80 80 80 80 80 80 80 80 80 80 80 80 80 80 80 80 80 80 80 50 10 20 20 30 30 40 30 40 40 40 40 30 30 40 20 20 30 30 40 20 30 30 20 30 40 30 20 40 40 40 40 40 40 40 40 30 40 40 40 40 40 40 40 40 40 40 40 40 40 40 40 40 40 50 40 40 40 40 40 40 40 40 40 40 40 30 40 40
80 80 80 80 80 80 80 80 80 80 80 80 80 80 80 80 80 80 80 80 80 80 80 80 80 80 80 80 50 50 50 10 30 30 30 40 40 40 40 40 20 30 30 50 40 20 30 30 30 30 30 30 30 30 30 40 40 40 40 30 30 40 30 40 80 40 40 40 40 40 40 40 40 40 40 40 40 40 40 30 50 20 40 30 30 40 40 30 40 40 40 40 40 40 40 40 40
80 80 80 80 80 80 80 80 80 80 80 80 80 80 80 80 80 80 80 80 80 80 80 80 80 80 80 50 50 10 30 30 30 30 30 40 40 40 40 40 30 30 40 30 10 20 20 30 50 10 30 30 30 30 40 40 30 30 40 40 40 40 40 40 40 10 10 40 40 40 40 40 40 40 40 40 40 40 40 40 40 40 40 40 40 40 40 10 40 40 40 40 40 40 40 40 40
80 80 80 80 80 80 80 80 80 80 80 80 80 80 80 80 80 80 80 80 80 80 80 80 80 80 30 50 10 30 30 30 30 40 30 30 40 40 40 40 20 30 30 30 30 10 30 20 20 30 40 40 30 40 40 40 40 40 40 30 10 40 40 30 40 40 40 40 40 40 40 40 40 40 40 40 40 30 40 40 40 40 40 40 30 40 40 40 40 30 20 40 40 40 40 30 40
80 80 80 80 80 80 80 80 80 80 80 80 80 80 80 80 80 80 80 80 80 80 80 80 80 80 90 10 50 30 30 40 20 20 20 20 40 20 40 30 10 30 20 30 30 10 10 10 20 20 40 30 40 40 40 40 40 40 40 30 40 40 40 40 40 40 40 40 40 40 40 40 40 40 40 40 40 40 40 30 40 30 40 40 30 40 40 40 40 40 20 40 40 40 40 40 40
80 80 80 80 80 80 80 80 80 80 80 80 80 80 80 80 80 80 80 80 80 80 80 80 80 80 80 20 50 50 30 30 30 10 30 20 30 30 40 30 20 20 20 20 20 20 30 30 30 30 30 40 40 40 40 40 40 40 40 40 40 40 40 40 40 40 40 40 40 40 40 40 40 40 40 40 40 40 40 40 40 40 40 40 40 40 40 40 40 40 20 40 40 30 40 40 40
80 80 80 80 80 80 80 80 80 80 80 80 80 80 80 80 80 80 80 80 80 80 80 80 80 80 80 60 10 50 10 10 20 20 20 30 10 30 30 10 20 20 20 20 30 20 40 10 10 40 10 40 40 40 40 40 30 40 10 40 40 40 40 10 40 40 40 40 40 40 40 40 40 40 40 40 40 40 40 40 40 40 40 40 40 40 40 40 40 40 40 40 40 30 30 40 30
80 80 80 80 80 80 80 80 80 80 80 80 80 80 80 80 80 80 80 80 80 80 80 80 80 80 80 80 10 20 30 30 10 30 10 20 20 30 20 10 20 20 20 20 30 50 30 10 20 30 30 40 40 40 40 40 10 40 30 40 30 40 40 80 10 40 40 40 40 40 40 40 40 40 40 10 40 40 40 40 40 40 40 30 30 40 40 40 40 40 40 40 40 40 30 20 10
80 80 80 80 80 80 80 80 80 80 80 80 80 80 80 80 80 80 80 80 80 80 80 80 80 80 80 80 10 10 10 30 30 30 20 20 20 30 30 10 20 20 10 20 10 10 20 10 20 50 10 40 30 30 10 30 10 40 40 40 40 40 40 40 10 40 30 40 30 40 40 40 40 40 40 80 40 40 40 40 40 40 40 30 30 40 40 40 40 40 40 40 40 30 30 30 10
80 80 80 80 80 80 80 80 80 80 80 80 80 80 80 80 80 80 80 80 80 80 80 80 80 80 80 80 30 10 20 20 30 20 20 20 20 20 20 20 10 20 20 20 20 30 60 60 60 30 40 40 30 40 40 40 40 40 40 40 40 40 40 20 20 40 40 40 40 40 40 20 20 20 30 30 40 30 40 40 40 40 30 40 40 40 50 30 40 40 40 40 40 20 20 10 30
80 80 80 80 80 80 80 80 80 80 80 80 80 80 80 80 80 80 80 80 80 80 80 80 80 80 80 80 20 10 20 20 20 20 30 10 20 20 20 20 20 20 20 20 10 20 30 30 30 10 40 40 10 10 30 40 40 20 20 20 40 40 40 40 40 40 40 30 40 40 40 20 30 30 40 40 30 40 40 40 40 40 30 30 40 30 40 50 40 40 40 50 40 40 40 60 30
80 80 80 80 80 80 80 80 80 80 80 80 80 80 80 80 80 80 80 80 80 80 80 80 80 80 80 80 60 30 10 10 50 10 20 20 20 10 20 10 20 20 20 20 20 10 20 30 10 10 40 40 10 60 30 30 30 20 30 30 40 40 40 40 40 40 40 40 30 10 40 40 40 40 40 40 30 40 30 80 40 40 10 30 60 30 30 30 40 40 40 40 40 40 40 30 20
80 80 80 80 80 80 80 80 80 80 80 80 80 80 80 80 80 80 80 80 80 80 80 80 80 80 80 80 80 50 20 20 20 10 20 60 40 40 40 30 20 10 20 20 20 20 10 30 60 40 30 40 40 40 40 40 40 40 30 40 40 40 10 20 20 40 30 40 40 40 40 40 40 40 40 30 30 10 40 30 40 40 10 30 40 40 40 40 40 30 40 40 30 40 40 40 40
80 80 80 80 80 80 80 80 80 80 80 80 80 80 80 80 80 80 80 80 80 80 80 80 80 80 80 80 80 60 10 20 20 20 30 50 50 40 40 20 20 20 30 20 20 10 20 20 20 40 30 40 30 40 40 30 30 40 30 20 40 40 30 20 20 20 30 40 40 30 40 40 40 40 30 20 30 30 30 40 40 40 10 50 40 30 40 40 30 40 30 40 30 40 40 40 40
80 80 80 80 80 80 80 80 80 80 80 80 80 80 80 80 80 80 80 80 80 80 80 80 80 80 80 80 80 80 30 50 20 20 20 30 50 50 40 20 20 20 20 20 20 10 10 20 30 30 30 40 40 30 20 50 30 80 10 30 30 30 30 30 30 40 40 30 30 30 20 40 40 40 40 30 80 60 30 30 30 40 10 50 30 30 30 40 40 40 30 40 40 40 30 50 40
80 80 80 80 80 80 80 80 80 80 80 80 30 30 80 80 80 80 80 80 80 80 80 80 80 80 80 80 80 80 80 50 50 20 20 50 50 50 50 50 30 60 10 20 20 20 30 10 10 40 40 40 40 40 30 40 40 40 30 50 30 30 30 40 30 30 40 40 30 40 10 30 30 30 20 40 40 60 50 40 50 30 30 40 50 30 30 30 10 50 40 30 30 30 30 40 40
80 80 80 80 80 80 80 80 80 80 80 30 30 30 80 80 80 80 80 80 80 80 80 80 80 80 80 80 80 80 80 50 50 10 50 50 50 50 50 50 50 40 40 30 50 30 50 40 40 40 40 40 40 30 40 40 30 40 10 30 30 30 30 30 30 40 30 40 40 30 30 40 40 10 40 40 40 30 40 40 30 40 40 40 40 20 30 10 30 40 40 40 40 30 30 30 30
80 80 80 80 80 80 80 80 80 80 80 30 50 30 30 80 80 80 80 80 80 80 80 80 80 80 80 80 80 80 80 50 50 20 50 50 30 50 50 50 50 50 50 50 50 60 10 30 40 40 40 40 50 50 80 30 30 30 30 30 40 30 40 40 10 40 40 40 40 30 40 50 40 40 40 30 30 40 40 40 40 40 30 40 40 30 30 30 30 40 40 40 40 30 40 30 30
80 80 80 80 80 80 80 80 80 80 80 40 30 20 30 80 80 80 80 80 80 80 80 80 80 80 80 80 80 80 80 80 80 50 50 50 50 50 50 50 50 50 50 40 30 10 30 50 50 40 40 40 40 60 40 30 30 30 40 60 30 30 30 40 50 30 40 40 40 30 50 30 10 30 30 40 40 40 60 30 30 20 30 30 30 20 40 30 30 30 40 30 30 40 30 20 40
80 80 80 80 80 80 80 80 80 80 80 30 20 20 20 30 80 80 80 80 80 80 80 80 80 80 80 80 80 80 80 80 80 30 50 30 50 50 50 50 50 30 50 30 30 30 40 50 50 30 30 50 10 40 40 30 30 20 30 10 30 20 30 10 40 30 50 50 10 40 50 10 50 30 50 50 40 40 50 10 30 40 10 40 30 30 30 30 30 30 30 30 40 40 30 40 40
80 80 80 80 80 80 80 80 80 80 80 80 30 30 40 80 80 80 80 80 80 80 80 80 80 80 80 80 80 80 80 80 80 80 50 50 50 10 50 50 50 50 50 50 30 50 50 50 50 60 30 40 80 40 30 10 30 20 20 20 20 30 30 30 40 10 10 50 30 30 10 10 10 40 10 50 40 50 50 30 30 50 10 30 40 20 10 30 40 10 10 40 40 30 10 30 30
80 80 80 80 80 80 80 80 80 80 80 80 80 80 80 80 80 80 80 80 80 80 80 80 80 80 80 80 80 80 80 80 80 80 80 50 50 50 10 30 50 50 50 30 30 50 50 50 40 40 60 30 30 30 10 30 30 30 20 20 30 30 20 10 30 50 50 10 50 40 10 10 10 30 50 10 50 50 30 30 80 30 30 50 40 40 20 10 10 20 20 80 40 30 30 40 50
80 80 80 80 80 80 80 80 80 80 80 80 80 80 80 80 80 80 80 80 80 80 80 80 80 80 80 80 80 80 80 80 80 80 80 50 50 50 50 50 50 50 20 90 10 50 50 50 50 30 30 30 30 40 30 10 30 10 30 20 10 30 10 20 30 30 50 50 50 50 50 50 30 10 50 50 40 50 50 30 50 20 40 50 20 30 10 10 20 40 30 30 50 30 40 40 40
80 80 80 80 80 80 80 80 80 80 80 80 80 80 80 80 80 80 80 80 80 80 80 80 80 80 80 80 80 80 80 80 80 80 80 80 10 30 30 50 50 50 50 30 10 30 50 30 50 30 30 40 40 30 30 60 20 30 30 30 30 30 30 30 40 40 10 50 50 50 50 50 30 50 50 50 50 50 50 30 40 50 40 50 50 50 10 50 40 40 50 40 40 40 10 10 10
80 80 80 80 80 80 80 80 80 80 80 80 80 80 80 80 80 80 80 80 80 80 80 80 80 80 80 80 80 80 80 80 80 80 80 80 50 80 30 30 50 50 50 10 50 50 50 40 50 50 40 40 30 30 20 20 30 30 40 30 30 30 40 30 40 50 50 30 50 30 10 30 30 60 30 50 50 50 50 30 50 50 30 50 50 10 50 50 40 40 50 40 40 40 40 40 40
80 80 80 80 80 80 80 80 80 80 80 80 80 80 80 80 80 80 80 80 80 80 80 80 80 80 80 80 80 80 80 80 80 80 80 80 60 80 30 80 90 30 90 10 50 50 50 30 50 50 30 40 30 30 20 30 30 30 30 40 30 10 10 30 40 40 50 30 50 10 50 10 10 50 10 50 10 50 50 50 50 50 50 50 50 20 10 30 50 50 50 40 40 30 40 40 30
80 80 80 80 80 80 80 80 80 80 80 80 80 80 80 80 80 80 80 80 80 80 80 80 80 80 80 80 80 80 80 80 80 80 80 80 80 50 90 30 90 30 30 30 50 50 30 40 20 30 40 30 30 30 30 20 20 20 20 30 30 40 40 40 10 40 30 50 50 50 50 40 10 30 50 50 50 50 30 50 50 50 10 50 20 50 30 50 50 50 50 10 30 40 40 30 40
80 80 80 80 80 80 80 80 80 80 80 80 80 80 80 80 80 80 80 80 80 80 80 80 80 80 80 80 80 80 80 80 80 80 80 80 80 50 30 30 30 50 30 50 30 50 10 50 50 50 10 30 40 30 30 10 20 20 30 30 50 30 40 40 30 50 40 10 30 10 10 10 50 30 30 40 50 50 50 50 50 50 40 10 50 50 50 50 50 50 30 30 20 20 40 30 10
80 80 80 80 80 80 80 80 80 80 80 80 80 80 80 80 80 80 80 80 80 80 80 80 80 80 80 80 80 80 80 80 80 80 80 80 80 50 10 30 50 30 50 60 50 10 50 30 50 50 50 10 10 40 40 50 10 20 50 50 50 50 50 40 30 50 50 10 10 30 50 10 10 10 30 10 30 10 30 30 50 50 50 50 50 50 50 50 50 30 40 40 40 40 30 30 40
80 80 80 80 80 80 80 80 80 80 80 80 80 80 80 80 80 80 80 80 80 80 80 80 80 80 80 80 80 80 80 80 80 80 80 80 80 40 30 50 50 20 50 50 50 10 60 50 50 50 50 50 40 30 50 50 10 10 50 50 50 50 10 30 10 30 50 30 50 50 50 10 50 40 50 50 50 50 50 50 50 50 50 40 50 50 50 50 80 40 40 20 30 30 40 30 40
80 80 80 80 80 80 80 80 80 80 80 80 80 80 80 80 80 80 80 80 80 80 80 80 80 80 80 80 80 80 80 80 80 80 80 80 80 30 30 50 10 50 50 50 50 30 50 50 50 30 50 50 30 50 50 30 50 30 20 50 50 10 50 50 10 30 50 50 50 10 50 50 50 30 10 10 30 30 30 50 50 10 50 50 50 30 30 40 40 20 20 30 40 30 30 30 40
80 80 80 80 80 80 80 80 80 80 80 80 80 80 80 80 80 80 80 80 80 80 80 80 80 80 80 80 80 80 80 80 80 80 80 80 80 50 30 50 50 50 50 50 50 30 50 50 50 50 20 50 50 50 10 50 50 20 20 30 50 10 30 10 50 20 50 50 10 10 50 50 40 30 30 50 30 30 50 50 50 50 50 50 30 50 30 40 10 40 30 40 30 20 30 30 30
80 80 80 80 80 80 80 80 80 80 80 80 80 80 80 80 80 80 80 80 80 80 80 80 80 80 80 80 80 80 80 80 80 80 80 80 80 80 50 50 50 50 50 50 30 30 50 50 50 30 50 30 50 50 50 50 50 50 30 10 50 50 50 50 30 60 50 50 50 10 50 50 30 50 50 30 10 50 10 50 50 30 30 50 50 30 40 30 40 40 30 40 30 40 30 10 30
80 80 80 80 80 80 80 80 80 80 80 80 80 80 80 80 80 80 80 80 80 80 80 80 80 80 80 80 80 80 80 80 80 80 80 80 80 80 50 50 50 50 50 50 50 50 30 50 20 50 30 50 50 50 50 50 30 50 10 20 10 30 50 50 20 80 40 50 30 50 30 50 50 50 30 50 50 50 50 50 50 50 30 50 10 20 40 60 40 20 10 30 30 30 30 40 20
80 80 80 80 80 80 80 80 80 80 80 80 80 80 80 80 80 80 80 80 80 80 80 80 80 80 80 80 80 80 80 80 80 80 80 80 50 50 50 30 50 10 10 50 30 30 30 40 30 30 50 50 30 50 30 50 30 50 10 10 50 50 50 50 50 30 30 50 50 50 50 50 50 50 50 50 50 50 50 50 50 30 50 50 30 30 10 40 30 30 30 30 40 40 40 40 30
80 80 80 80 80 80 80 80 80 80 80 80 80 80 80 80 80 80 80 80 80 80 80 80 80 80 80 80 80 80 80 80 80 80 80 80 50 50 50 50 50 10 50 50 30 50 30 20 50 50 50 50 50 30 30 50 10 30 50 50 10 50 50 50 50 30 50 50 50 30 30 50 50 50 50 50 50 50 50 50 50 50 50 10 10 80 20 50 30 20 10 30 20 30 30 40 30
80 80 80 80 80 80 80 80 80 80 80 80 80 80 80 80 80 80 80 80 80 80 80 80 80 80 80 80 80 80 80 80 80 80 80 50 30 50 40 30 50 50 30 30 50 50 50 50 30 50 50 50 50 30 30 50 50 20 50 50 50 50 50 50 50 50 50 50 50 10 30 30 30 50 50 30 50 50 50 50 50 50 50 30 30 30 10 20 40 30 20 30 30 30 30 10 30
80 80 80 80 80 80 80 80 80 80 80 80 80 80 80 80 80 80 80 50 30 30 50 50 50 80 80 80 80 80 80 80 80 80 80 50 50 50 30 20 30 50 30 30 30 30 50 50 30 50 50 50 50 30 50 50 50 50 40 50 30 10 50 50 50 50 50 50 50 50 10 10 50 50 50 50 50 50 50 50 30 50 30 30 10 10 30 30 30 20 30 30 30 10 20 20 20
80 80 80 80 80 80 80 80 80 80 80 80 80 80 80 80 80 80 30 50 30 10 50 80 80 80 80 80 50 80 80 80 80 80 50 30 50 50 50 30 30 50 50 50 30 10 50 50 50 30 50 50 50 50 50 50 50 50 50 50 50 50 50 10 40 50 50 50 50 30 50 50 10 50 50 50 30 30 20 10 30 30 30 30 30 30 30 40 40 30 30 30 30 30 30 20 20
80 80 80 80 80 80 80 80 80 80 80 80 80 80 80 80 80 50 50 50 50 50 50 10 50 80 80 50 80 50 80 80 80 50 50 50 50 50 30 30 50 50 30 50 30 30 30 50 50 50 50 50 50 50 50 50 50 50 50 50 50 50 50 30 10 20 50 50 50 50 10 30 50 50 50 50 50 50 30 30 30 30 30 40 40 30 30 40 30 30 20 30 80 10 30 30 20
80 80 80 80 80 80 80 80 80 80 80 80 80 80 80 80 50 50 10 20 20 10 30 50 50 50 80 80 80 80 50 50 50 50 50 30 50 50 40 50 50 40 50 50 10 10 10 10 30 50 50 50 50 50 50 30 50 50 30 10 50 50 50 10 50 10 50 50 50 50 50 50 10 40 50 50 10 30 50 50 30 30 30 30 30 10 30 30 10 30 20 30 20 20 20 20 30
80 80 80 80 80 80 80 80 80 80 80 80 80 80 80 50 50 50 20 20 10 50 50 50 50 50 50 50 50 40 50 50 30 50 50 50 50 50 50 50 30 30 50 40 50 50 50 50 30 30 50 50 40 50 50 50 50 50 50 50 50 50 50 40 30 50 50 30 50 50 50 50 20 20 50 50 10 10 50 50 30 30 30 30 10 10 20 30 30 10 20 20 30 20 20 20 30
80 80 80 80 80 80 80 80 80 80 80 80 80 80 80 50 50 50 20 10 50 50 50 50 30 60 50 10 50 50 50 50 10 60 50 50 50 50 50 50 50 50 50 50 50 10 50 30 50 50 30 50 50 50 50 50 30 30 50 50 50 50 50 50 50 50 50 50 50 50 50 50 50 30 50 50 50 50 50 50 50 30 30 20 30 20 20 10 10 20 30 10 10 20 10 20 10
80 80 80 80 80 80 80 80 80 80 80 80 80 80 30 50 20 20 20 10 50 10 50 50 50 50 30 30 50 50 50 50 50 50 40 50 30 50 50 50 50 10 50 50 30 50 50 50 50 50 50 50 50 30 50 50 50 50 50 50 50 50 50 10 50 50 50 50 50 50 50 30 50 50 10 50 50 50 50 50 50 30 30 40 30 10 30 30 30 20 10 20 30 20 30 30 10
80 80 80 80 80 80 80 80 80 80 80 80 80 80 80 10 10 20 20 50 50 10 50 30 50 50 30 50 50 50 30 50 50 50 30 10 30 50 50 10 50 50 10 50 50 50 50 50 50 50 50 50 50 50 50 50 50 50 50 50 50 60 50 10 10 10 30 50 50 30 30 30 30 30 50 50 30 50 10 50 30 30 50 50 30 30 30 30 10 30 30 30 30 30 30 30 30
80 80 80 80 80 80 80 80 80 80 80 80 80 80 10 30 30 20 50 50 50 10 10 50 50 50 20 20 10 20 20 50 30 30 30 30 90 30 50 50 50 50 10 50 50 50 50 30 40 50 50 60 30 50 50 50 50 30 30 50 30 30 40 10 50 50 20 50 50 30 30 50 20 50 30 50 10 50 50 30 50 30 10 40 40 30 20 30 30 30 10 30 20 10 10 20 10
80 80 80 80 80 80 80 80 80 80 80 80 80 80 60 10 50 10 20 20 30 50 50 10 20 20 10 20 20 20 20 20 30 50 50 50 10 50 30 10 30 30 30 50 50 30 50 50 50 50 50 50 60 50 50 50 30 50 50 30 10 50 50 50 50 50 50 50 50 50 50 50 50 50 50 50 50 30 50 50 10 40 40 30 30 30 10 30 30 30 10 30 20 40 40 30 40
80 80 80 80 80 80 80 80 80 80 80 80 80 80 80 50 50 10 10 30 20 10 20 20 30 20 20 30 20 20 20 20 10 50 50 10 50 10 30 10 50 10 30 30 40 50 50 50 50 50 50 50 50 30 50 30 50 50 50 50 50 50 50 50 50 50 20 50 50 50 50 50 20 30 50 50 50 50 50 50 50 30 30 40 40 30 30 30 30 20 20 30 30 30 10 30 10
80 80 80 80 80 80 80 80 80 80 80 80 80 80 30 50 50 20 10 20 30 20 10 20 20 30 30 10 10 10 20 50 10 50 30 10 30 50 30 50 50 10 50 50 50 50 50 10 30 50 50 50 50 50 30 50 50 10 50 30 20 20 20 20 10 10 50 50 50 30 50 50 10 50 50 50 20 50 50 50 50 40 40 30 20 30 30 20 30 30 30 30 40 10 30 30 30
80 80 80 80 80 80 80 80 80 80 80 80 80 80 10 10 20 20 10 20 20 30 30 30 30 20 10 10 10 10 30 10 10 50 50 10 10 10 30 30 50 50 50 30 50 10 50 50 50 50 40 30 50 50 50 30 30 50 50 50 30 50 50 20 20 50 50 50 50 50 50 50 10 50 50 30 30 30 60 40 50 30 10 30 30 30 30 30 50 40 30 30 30 30 30 30 10
80 80 80 80 80 80 80 80 80 80 80 80 80 80 50 50 20 30 20 20 30 20 20 20 30 10 10 10 10 10 10 10 30 10 50 10 10 50 30 50 50 50 50 50 30 50 50 10 30 30 50 50 50 10 50 30 10 30 50 50 30 30 20 20 20 30 50 50 50 50 50 30 30 30 20 50 50 50 50 50 50 20 30 30 40 30 40 20 30 30 30 10 40 40 30 30 30
80 80 80 80 80 80 80 80 80 80 80 80 80 30 20 10 10 30 20 30 30 30 30 30 10 10 10 10 10 10 10 50 50 10 10 10 50 50 50 50 50 50 50 50 30 50 50 50 50 50 50 50 50 50 50 10 50 10 50 50 30 20 40 30 20 50 50 50 50 50 30 50 30 20 30 50 50 30 50 50 50 30 30 30 40 30 30 30 30 30 10 10 30 30 30 30 10
80 80 80 80 80 80 80 80 80 80 80 80 80 10 20 10 30 30 30 10 20 30 30 20 10 10 10 10 50 10 10 10 50 50 50 30 50 10 30 50 50 50 50 50 50 30 50 50 50 50 50 50 50 50 50 50 50 50 50 50 30 50 30 10 10 30 50 60 50 50 50 50 20 30 30 10 30 60 50 50 50 50 30 50 40 30 30 40 30 40 30 30 40 30 30 30 10
80 80 80 80 80 80 80 80 80 80 80 80 20 20 10 30 30 10 20 20 20 20 30 10 10 10 10 10 10 10 10 50 50 50 50 50 50 50 50 50 40 50 30 30 50 30 50 50 50 50 50 50 50 50 50 50 50 50 50 50 30 50 30 20 20 20 50 50 50 50 10 30 30 30 20 10 30 50 30 50 30 40 30 30 10 50 30 30 30 30 10 40 40 30 30 30 30
80 80 80 80 80 80 80 80 80 80 20 20 20 20 10 30 30 10 10 10 80 10 20 10 10 10 50 10 10 50 50 50 50 50 50 50 10 50 50 30 50 30 50 30 50 40 30 50 30 50 50 50 50 50 50 50 50 50 30 60 50 30 10 20 30 30 50 50 50 30 50 20 30 50 50 50 50 30 30 60 20 50 50 10 50 30 30 40 40 30 10 30 30 30 30 10 40
80 80 80 80 80 80 80 80 30 30 30 20 20 20 20 20 20 10 20 10 10 20 20 20 10 10 10 10 10 50 10 50 10 10 50 30 50 50 50 50 50 50 50 40 40 50 50 50 60 50 50 50 50 40 50 50 50 50 50 50 30 30 10 10 20 50 30 50 50 20 50 30 20 50 50 50 30 50 50 50 40 50 50 50 50 20 10 10 20 30 10 20 40 10 30 30 40
80 80 80 80 80 80 80 80 30 20 30 30 30 30 20 30 10 10 10 10 30 20 10 20 10 50 10 10 10 10 10 10 10 10 10 30 20 30 50 50 50 50 60 50 50 50 50 20 10 50 50 50 50 50 40 50 50 50 50 50 50 50 30 30 10 50 50 50 20 10 20 20 20 50 50 50 50 50 50 10 30 50 50 50 50 10 10 10 10 30 30 30 30 10 30 30 10
80 80 80 80 80 80 80 30 30 20 30 30 30 30 30 10 20 10 20 30 30 20 10 10 10 50 10 30 10 10 10 10 10 10 50 30 10 50 50 50 50 50 50 50 50 30 50 50 50 50 50 40 50 50 50 50 50 50 50 50 50 50 50 50 50 30 10 10 20 30 20 30 20 50 50 50 50 10 50 50 50 50 50 50 50 50 40 30 80 30 40 40 80 30 20 40 40
80 80 80 80 80 80 80 20 10 20 10 10 10 20 10 10 10 10 20 10 20 30 10 10 10 10 10 10 30 50 50 10 30 50 50 50 10 30 50 50 50 50 30 30 40 30 50 50 50 10 30 50 10 50 50 50 50 50 50 10 30 50 30 50 30 50 10 50 10 50 40 30 30 10 50 50 50 50 10 20 30 40 50 50 50 50 30 30 30 20 20 30 30 30 30 30 40
80 80 80 80 80 80 30 50 50 10 10 10 10 10 50 10 10 10 10 10 10 10 10 50 10 10 30 10 10 10 10 30 10 50 50 50 10 30 50 50 50 50 40 50 30 10 30 30 40 40 40 50 50 50 50 50 50 50 50 50 50 50 50 50 50 50 50 30 50 50 50 10 50 20 30 30 50 30 30 30 50 50 50 50 50 50 50 20 50 40 40 30 30 20 20 20 30
80 80 80 80 80 80 20 30 20 10 30 10 30 10 10 10 10 10 30 10 30 30 10 10 30 10 10 10 10 10 30 50 50 50 50 50 30 30 50 50 50 30 40 50 50 40 50 30 50 30 30 30 40 50 50 50 50 50 50 10 20 50 50 50 50 50 50 50 50 50 50 10 30 20 10 30 10 50 30 30 50 50 50 50 50 50 50 50 30 40 30 10 30 40 40 30 40
80 80 80 80 80 60 20 10 10 30 20 10 10 10 10 50 20 20 20 10 20 10 50 10 10 50 10 10 50 50 10 10 30 10 50 50 50 30 50 50 30 50 50 50 40 30 10 30 40 40 30 10 30 30 50 50 50 50 50 50 50 50 50 30 30 50 10 30 10 10 50 50 50 50 50 10 20 10 10 30 10 30 50 50 40 50 30 40 50 80 30 10 30 30 30 10 20
80 80 80 80 80 20 30 10 10 30 10 10 10 10 10 30 30 20 20 30 10 10 10 10 30 10 50 10 10 10 50 10 50 50 10 50 50 50 50 30 50 30 30 30 50 30 30 30 40 40 40 40 40 30 50 50 50 30 50 50 30 50 30 50 50 50 30 30 30 10 50 50 50 50 50 10 10 30 10 10 10 30 30 50 30 30 30 50 30 40 10 30 30 20 30 10 30
80 80 10 20 20 20 20 60 10 10 50 50 20 30 30 20 20 10 30 20 10 30 20 30 20 10 10 30 30 50 10 50 50 50 10 50 50 30 50 40 50 30 50 50 50 40 40 30 30 40 40 40 30 30 30 50 50 50 50 50 50 20 50 30 30 50 30 10 30 40 50 50 50 30 50 50 10 10 30 30 10 10 10 50 50 30 30 30 40 10 10 30 30 30 30 40 10
80 80 10 20 30 30 20 10 50 30 10 10 30 30 30 30 30 20 10 10 10 30 20 40 10 30 10 10 30 50 50 50 30 50 50 30 50 50 40 30 50 50 50 50 50 40 40 40 30 30 30 40 50 40 30 10 50 30 50 40 50 30 50 50 50 50 30 10 20 40 50 50 50 50 50 50 10 10 30 10 30 10 10 10 30 10 10 80 40 30 50 30 30 30 20 40 30
30 20 10 10 20 30 20 10 10 10 10 10 10 10 10 20 20 20 10 10 30 30 30 30 10 10 10 10 10 10 50 50 10 50 50 50 30 50 30 20 50 50 50 50 50 50 30 30 40 30 40 40 40 40 30 50 50 50 20 50 50 50 50 50 50 50 30 40 30 30 30 50 30 30 50 50 50 30 10 50 50 50 50 10 30 10 30 30 40 30 40 30 50 20 30 30 30
80 80 10 10 10 30 10 10 50 50 30 50 10 20 20 30 30 30 20 10 30 10 10 50 40 50 10 10 50 10 50 10 50 50 30 50 30 50 50 50 50 50 50 30 50 50 50 40 40 40 40 40 40 40 30 40 30 30 40 10 50 50 20 50 50 30 50 30 20 20 30 50 50 50 30 60 50 50 10 50 50 50 50 50 10 10 40 10 30 50 80 50 30 30 10 40 30
80 80 80 80 30 30 10 20 80 80 80 80 20 20 20 20 30 30 20 30 30 30 30 30 30 10 30 10 30 50 30 50 50 50 30 80 30 50 50 30 50 30 50 50 50 50 40 40 40 40 30 30 20 20 20 20 30 50 50 30 50 50 50 50 50 50 50 50 30 50 50 50 30 50 60 50 50 60 50 50 50 50 50 30 10 50 50 30 30 10 50 50 30 30 30 40 50
80 80 80 80 10 20 50 50 50 80 80 80 30 20 10 30 50 30 10 10 10 30 30 30 10 20 20 10 30 30 10 50 30 30 30 30 50 50 50 30 50 80 80 10 50 50 40 30 40 40 40 20 20 20 10 30 20 30 30 50 50 30 40 50 50 30 50 50 30 30 30 50 30 50 50 50 50 30 50 50 50 50 50 50 40 30 30 30 30 30 50 60 60 40 40 30 30
80 80 80 80 80 80 30 20 80 80 80 80 30 30 30 30 30 30 30 20 10 30 10 10 30 30 10 50 50 10 90 30 30 50 30 50 50 50 30 40 20 80 80 30 50 50 40 40 30 30 40 30 10 20 20 10 20 20 50 20 50 40 50 50 50 50 30 50 50 50 30 30 50 50 50 50 50 50 40 50 50 50 30 30 60 20 30 50 30 30 50 50 30 50 20 50 30
80 80 80 80 80 80 80 80 80 80 80 80 80 10 30 30 20 30 10 10 30 10 20 10 30 10 10 10 10 50 50 50 50 50 50 50 50 30 80 30 10 30 80 30 50 50 40 40 40 40 30 60 20 20 20 20 30 40 20 50 30 50 50 30 50 30 50 50 50 50 50 30 50 50 50 50 50 50 50 30 50 10 20 10 30 20 30 30 30 50 10 30 30 30 50 40 10
80 80 80 80 80 80 80 80 80 80 80 80 30 10 20 30 30 30 30 20 20 20 50 10 30 10 50 50 10 10 30 50 50 50 50 50 50 50 20 20 80 80 80 80 30 20 50 30 40 40 50 50 50 50 50 20 50 30 30 30 50 30 40 30 20 50 30 10 20 20 20 20 30 20 30 50 30 30 30 60 30 10 10 20 10 30 60 60 30 20 20 20 10 10 50 10 30
80 80 80 80 80 80 80 80 80 80 80 30 20 10 30 30 30 30 80 30 30 10 30 30 30 30 50 10 40 10 50 50 50 50 50 50 50 50 50 20 10 30 30 30 10 20 20 20 30 50 50 50 50 50 30 50 50 50 30 10 30 30 30 30 20 80 80 80 80 80 80 80 80 80 80 80 30 80 80 80 80 80 80 80 60 60 30 30 30 20 10 10 10 10 50 10 30
80 80 80 80 80 80 80 80 80 80 10 20 20 30 30 10 10 30 30 20 30 20 30 10 30 50 50 50 30 10 30 50 50 50 50 30 50 50 50 20 10 80 80 30 50 10 10 30 30 30 30 20 50 10 30 10 30 30 80 80 80 80 80 80 80 80 80 80 80 80 80 80 80 80 80 80 80 80 80 80 80 80 80 80 80 80 80 80 80 80 80 60 30 80 10 60 10
80 80 80 80 80 80 80 80 80 80 30 20 20 10 10 10 10 10 30 30 30 30 30 20 20 20 50 50 10 30 50 10 80 80 50 30 50 50 40 60 30 10 10 10 30 10 20 50 50 20 30 20 20 60 80 80 80 80 80 80 80 80 80 80 80 80 80 80 80 80 80 80 80 80 80 80 80 80 80 80 80 80 80 80 80 80 80 80 80 80 80 80 80 80 80 30 10
80 80 80 80 80 80 80 80 80 60 30 20 10 10 10 10 30 30 10 20 30 30 20 30 20 30 20 20 20 20 30 50 50 30 50 50 50 30 30 60 10 80 10 10 40 30 30 30 30 80 80 80 80 80 80 80 80 80 80 80 80 80 80 80 80 80 80 80 80 80 80 80 80 80 80 80 80 80 80 80 80 80 80 80 80 80 80 80 80 80 80 80 80 80 80 80 80
80 80 80 80 80 80 80 80 80 30 10 20 20 10 10 10 30 30 30 30 10 20 20 30 30 30 30 30 30 20 30 30 10 80 50 50 50 30 20 30 10 30 10 60 80 80 80 80 80 80 80 80 80 80 80 80 80 80 80 80 80 80 80 80 80 80 80 80 80 80 80 80 80 80 80 80 80 80 80 80 80 80 80 80 80 80 80 80 80 80 80 80 80 80 80 80 80
80 80 80 80 80 80 80 80 80 80 30 10 10 10 10 10 50 30 20 30 20 30 10 10 30 30 30 30 30 20 20 20 20 30 50 50 50 50 50 80 80 80 80 80 80 80 80 80 80 80 80 80 80 80 80 80 80 80 80 80 80 80 80 80 80 80 80 80 80 80 80 80 80 80 80 80 80 80 80 80 80 80 80 80 80 80 80 80 80 80 80 80 80 80 80 80 80
80 80 80 80 80 80 80 80 80 80 60 30 10 10 10 10 10 50 10 20 10 20 10 10 30 30 20 30 30 30 30 20 10 50 60 60 80 80 80 80 80 80 80 80 80 80 80 80 80 80 80 80 80 80 80 80 80 80 80 80 80 80 80 80 80 80 80 80 80 80 80 80 80 80 80 80 80 80 80 80 80 80 80 80 80 80 80 80 80 80 80 80 80 80 80 80 80
80 80 80 80 80 80 80 80 80 80 30 30 30 30 30 10 10 30 50 20 30 20 20 20 30 20 20 30 30 30 30 10 20 60 80 80 80 80 80 80 80 80 80 80 80 80 80 80 80 80 80 80 80 80 80 80 80 80 80 80 80 80 80 80 80 80 80 80 80 80 80 80 80 80 80 80 80 80 80 80 80 80 80 80 80 80 80 80 80 80 80 80 80 80 80 80 80
80 80 80 80 80 80 80 80 80 80 30 30 30 20 90 10 10 10 10 20 20 40 30 30 30 30 20 30 30 20 20 30 50 80 80 80 80 80 80 80 80 80 80 80 80 80 80 80 80 80 80 80 80 80 80 80 80 80 80 80 80 80 80 80 80 80 80 80 80 80 80 80 80 80 80 80 80 80 80 80 80 80 80 80 80 80 80 80 80 80 80 80 80 80 80 80 80
80 80 80 80 80 80 80 80 80 60 20 20 20 20 50 80 30 10 10 10 10 20 10 10 10 30 30 20 20 20 50 80 80 80 80 80 80 80 80 80 80 80 80 80 80 80 80 80 80 80 80 80 80 80 80 80 80 80 80 80 80 80 80 80 80 80 80 80 80 80 80 80 80 80 80 80 80 80 80 80 80 80 80 80 80 80 80 80 80 80 80 80 80 80 80 80 80
80 80 80 80 80 80 80 80 80 30 20 30 20 20 10 30 50 50 30 50 10 30 20 20 10 10 10 20 20 20 80 80 80 80 80 80 80 80 80 80 80 80 80 80 80 80 80 80 80 80 80 80 80 80 80 80 80 80 80 80 80 80 80 80 80 80 80 80 80 80 80 80 80 80 80 80 80 80 80 80 80 80 80 80 80 80 80 80 80 80 80 80 80 80 80 80 80
80 80 80 80 80 80 80 10 30 20 30 30 30 50 50 50 10 50 10 60 50 50 50 50 50 30 10 20 50 80 80 80 80 80 80 80 80 80 80 80 80 80 80 80 80 80 80 80 80 80 80 80 80 80 80 80 80 80 80 80 80 80 80 80 80 80 80 80 80 80 80 80 80 80 80 80 80 80 80 80 80 80 80 80 80 80 80 80 80 80 80 80 80 80 80 80 80
80 80 80 80 80 80 10 50 20 90 30 80 30 10 30 30 50 50 20 20 20 10 50 50 50 50 50 80 80 80 80 80 80 80 80 80 80 80 80 80 80 80 80 80 80 80 80 80 80 80 80 80 80 80 80 80 80 80 80 80 80 80 80 80 80 80 80 80 80 80 80 80 80 80 80 80 80 80 80 80 80 80 80 80 80 80 80 80 80 80 80 80 80 80 80 80 80
80 80 80 30 10 50 50 30 10 30 50 30 10 20 50 10 50 10 10 30 30 20 20 10 50 50 80 80 80 80 80 80 80 80 80 80 80 80 80 80 80 80 80 80 80 80 80 80 80 80 80 80 80 80 80 80 80 80 80 80 80 80 80 80 80 80 80 80 80 80 80 80 80 80 80 80 80 80 80 80 80 80 80 80 80 80 80 80 80 80 80 80 80 80 80 80 80
80 80 80 30 20 20 10 10 30 30 50 10 20 30 20 20 20 20 30 30 30 10 20 20 20 50 80 80 80 80 80 80 80 80 80 80 80 80 80 80 80 80 80 80 80 80 80 80 80 80 80 80 80 80 80 80 80 80 80 80 80 80 80 80 80 80 80 80 80 80 80 80 80 80 80 80 80 80 80 80 80 80 80 80 80 80 80 80 80 80 80 80 80 80 80 80 80
80 80 80 30 20 30 20 20 30 50 30 10 20 20 30 20 10 20 20 20 20 50 30 20 20 30 20 80 80 80 80 80 80 80 80 80 80 80 80 80 80 80 80 80 80 80 80 80 80 80 80 80 80 80 80 80 80 80 80 80 80 80 80 80 80 80 80 80 80 80 80 80 80 80 80 80 80 80 80 80 80 80 80 80 80 80 80 80 80 80 80 80 80 80 80 80 80
80 80 80 30 10 30 30 20 30 30 50 30 30 20 30 20 30 30 20 30 50 30 10 30 50 50 30 80 80 80 80 80 80 80 80 80 80 80 80 80 80 80 80 80 80 80 80 80 80 80 80 80 80 80 80 80 80 80 80 80 80 80 80 80 80 80 80 80 80 80 80 80 80 80 80 80 80 80 80 80 80 80 80 80 80 80 80 80 80 80 80 80 80 80 80 80 80
80 80 80 80 30 30 30 20 30 20 30 20 30 30 20 20 20 30 10 50 20 30 10 10 50 50 80 80 80 80 80 80 80 80 80 80 80 80 80 80 80 80 80 80 80 80 80 80 80 80 80 80 80 80 80 80 80 80 80 80 80 80 80 80 80 80 80 80 80 80 80 80 80 80 80 80 80 80 80 80 80 80 80 80 80 80 80 80 80 80 80 80 80 80 80 80 80
80 80 80 80 80 20 20 20 20 20 30 20 30 30 30 30 30 20 30 20 10 20 30 30 10 50 80 80 80 80 80 80 80 80 80 80 80 80 80 80 80 80 80 80 80 80 80 80 80 80 80 80 80 80 80 80 80 80 80 80 80 80 80 80 80 80 80 80 80 80 80 80 80 80 80 80 80 80 80 80 80 80 80 80 80 80 80 80 80 80 80 80 80 80 80 80 80
80 80 80 80 80 30 10 20 20 20 30 30 30 10 30 30 20 20 80 30 30 20 20 10 50 50 80 80 80 80 80 80 80 80 80 80 80 80 80 80 80 80 80 80 80 80 80 80 80 80 80 80 80 80 80 80 80 80 80 80 80 80 80 80 80 80 80 80 80 80 80 80 80 80 80 80 80 80 80 80 80 80 80 80 80 80 80 80 80 80 80 80 80 80 80 80 80
80 80 80 80 80 80 30 30 60 10 30 30 30 20 30 30 80 20 30 10 30 30 20 20 20 80 80 80 80 80 80 80 80 80 80 80 80 80 80 80 80 80 80 80 80 80 80 80 80 80 80 80 80 80 80 80 80 80 80 80 80 80 80 80 80 80 80 80 80 80 80 80 80 80 80 80 80 80 80 80 80 80 80 80 80 80 80 80 80 80 80 80 80 80 80 80 80
80 80 80 80 80 80 80 30 80 80 10 30 30 30 30 30 30 30 30 30 30 20 30 30 50 80 80 80 80 80 80 80 80 80 80 80 80 80 80 80 80 80 80 80 80 80 80 80 80 80 80 80 80 80 80 80 80 80 80 80 80 80 80 80 80 80 80 80 80 80 80 80 80 80 80 80 80 80 80 80 80 80 80 80 80 80 80 80 80 80 80 80 80 80 80 80 80
80 80 80 80 80 80 80 80 80 80 80 10 30 30 30 30 30 30 30 20 30 30 10 20 80 80 80 80 80 80 80 80 80 80 80 80 80 80 80 80 80 80 80 80 80 80 80 80 80 80 80 80 80 80 80 80 80 80 80 80 80 80 80 80 80 80 80 80 80 80 80 80 80 80 80 80 80 80 80 80 80 80 80 80 80 80 80 80 80 80 80 80 80 80 80 80 80
80 80 80 80 80 80 80 80 80 80 80 80 30 20 30 30 30 30 30 20 30 30 30 20 50 80 80 50 80 80 80 80 80 80 80 80 80 80 80 80 80 80 80 80 80 80 80 80 80 80 80 80 80 80 80 80 80 80 80 80 80 80 80 80 80 80 80 80 80 80 80 80 80 80 80 80 80 80 80 80 80 80 80 80 80 80 80 80 80 80 80 80 80 80 80 80 80
80 80 80 80 80 80 80 80 80 80 80 80 80 10 10 30 20 30 30 30 20 20 30 30 50 50 50 50 80 80 80 80 80 80 80 80 80 80 80 80 80 80 80 80 80 80 80 80 80 80 80 80 80 80 80 80 80 80 80 80 80 80 80 80 80 80 80 80 80 80 80 80 80 80 80 80 80 80 80 80 80 80 80 80 80 80 80 80 80 80 80 80 80 80 80 80 80
80 80 80 80 80 80 80 80 80 80 80 80 80 30 10 30 20 30 30 30 30 20 20 20 30 20 20 30 50 10 80 80 80 80 80 80 80 80 80 80 80 80 80 80 80 80 80 80 80 80 80 80 80 80 80 80 80 80 80 80 80 80 80 80 80 80 80 80 80 80 80 80 80 80 80 80 80 80 80 80 80 80 80 80 80 80 80 80 80 80 80 80 80 80 80 80 80
80 80 80 80 80 80 80 80 80 80 80 80 80 80 90 30 30 20 30 20 20 30 20 10 30 30 30 30 30 20 30 80 80 80 80 80 80 80 80 80 80 80 80 80 80 80 80 80 80 80 80 80 80 80 80 80 80 80 80 80 80 80 80 80 80 80 80 80 80 80 80 80 80 80 80 80 80 80 80 80 80 80 80 80 80 80 80 80 80 80 80 80 80 80 80 80 80
80 80 80 80 80 80 80 80 80 80 80 80 80 30 30 30 30 30 30 20 10 30 30 30 30 30 30 30 30 20 50 80 80 80 80 80 80 80 80 80 80 80 80 80 80 80 80 80 80 80 80 80 80 80 80 80 80 80 80 80 80 80 80 80 80 80 80 80 80 80 80 80 80 80 80 80 80 80 80 80 80 80 80 80 80 80 80 80 80 80 80 80 80 80 80 80 80
80 80 80 80 80 80 80 80 80 80 80 80 80 30 30 30 30 30 30 30 30 10 30 30 30 10 20 30 30 30 20 50 80 80 80 80 80 80 80 80 80 80 80 80 80 80 80 80 80 80 80 80 80 80 80 80 80 80 80 80 80 80 80 80 80 80 80 80 80 80 80 80 80 80 80 80 80 80 80 80 80 80 80 80 80 80 80 80 80 80 80 80 80 80 80 80 80
80 80 80 80 80 80 80 80 80 80 80 80 80 80 30 30 20 20 30 30 30 20 30 20 20 20 20 30 30 30 30 20 80 80 80 80 80 80 80 80 80 80 80 80 80 80 80 80 80 80 80 80 80 80 80 80 80 80 80 80 80 80 80 80 80 80 80 80 80 80 80 80 80 80 80 80 80 80 80 80 80 80 80 80 80 80 80 80 80 80 80 80 80 80 80 80 80
80 80 80 80 80 80 80 80 80 80 80 80 80 80 30 30 30 30 30 20 30 30 30 30 30 30 20 30 10 30 30 20 30 80 80 80 80 80 80 80 80 80 80 80 80 80 80 80 80 80 80 80 80 80 80 80 80 80 80 80 80 80 80 80 80 80 80 80 80 80 80 80 80 80 80 80 80 80 80 80 80 80 80 80 80 80 80 80 80 80 80 80 80 80 80 80 80
80 80 80 80 80 80 80 80 80 80 80 80 80 80 80 30 30 30 30 30 30 30 30 30 30 30 30 30 30 20 30 20 20 80 80 80 80 80 80 80 80 80 80 80 80 80 80 80 80 80 80 80 80 80 80 80 80 80 80 80 80 80 80 80 80 80 80 80 80 80 80 80 80 80 80 80 80 80 80 80 80 80 80 80 80 80 80 80 80 80 80 80 80 80 80 80 80
80 80 80 80 80 80 80 80 80 80 80 80 80 80 80 90 30 30 30 30 20 30 30 30 30 30 20 20 30 30 30 30 20 20 30 80 80 80 80 80 80 80 80 80 80 80 80 80 80 80 80 80 80 80 80 80 80 80 80 80 80 80 80 80 80 80 80 80 80 80 80 80 80 80 80 80 80 80 80 80 80 80 80 80 80 80 80 80 80 80 80 80 80 80 80 80 80
80 80 80 80 80 80 80 80 80 80 80 80 80 80 80 30 30 30 30 30 30 30 20 10 30 30 30 20 30 30 30 30 20 10 30 80 80 80 80 80 80 80 80 80 80 80 80 80 80 80 80 80 80 80 80 80 80 80 80 80 80 80 80 80 80 80 80 80 80 80 80 80 80 80 80 80 80 80 80 80 80 80 80 80 80 80 80 80 80 80 80 80 80 80 80 80 80
80 80 80 80 80 80 80 80 80 80 80 80 80 80 60 30 30 30 30 30 30 30 30 30 10 30 30 20 30 20 30 30 30 30 80 80 80 80 80 80 80 80 80 80 80 80 80 80 80 80 80 80 80 80 80 80 80 80 80 80 80 80 80 80 80 80 80 80 80 80 80 80 80 80 80 80 80 80 80 80 80 80 80 80 80 80 80 80 80 80 80 80 80 80 80 80 80
80 80 80 80 80 80 80 80 80 80 80 80 80 80 80 30 30 30 30 30 30 30 30 20 30 20 10 10 30 10 30 30 30 30 30 80 80 80 80 80 80 80 80 80 80 80 80 80 80 80 80 80 80 80 80 80 80 80 80 80 80 80 80 80 80 80 80 80 80 80 80 80 80 80 80 80 80 80 80 80 80 80 80 80 80 80 80 80 80 80 80 80 80 80 80 80 80
80 80 80 80 80 80 80 80 80 80 80 80 80 80 80 30 30 30 30 30 30 30 30 30 30 20 30 20 10 30 30 10 10 20 10 80 80 80 80 80 80 80 80 80 80 80 80 80 80 80 80 80 80 80 80 80 80 80 80 80 80 80 80 80 80 80 80 80 80 80 80 80 80 80 80 80 80 80 80 80 80 80 80 80 80 80 80 80 80 80 80 80 80 80 80 80 80
80 80 80 80 80 80 80 80 80 80 80 80 80 80 80 80 30 60 30 30 30 30 30 30 30 30 30 20 30 20 30 30 30 30 10 80 80 80 80 80 80 80 80 80 80 80 80 80 80 80 80 80 80 80 80 80 80 80 80 80 80 80 80 80 80 80 80 80 80 80 80 80 80 80 80 80 80 80 80 80 80 80 80 80 80 80 80 80 80 80 80 80 80 80 80 80 80
80 80 80 80 80 80 80 80 80 80 80 80 80 80 80 20 30 30 30 30 30 60 30 30 30 30 30 30 30 20 30 20 20 80 80 80 80 80 80 80 80 80 80 80 80 80 80 80 80 80 80 80 80 80 80 80 80 80 80 80 80 80 80 80 80 80 80 80 80 80 80 80 80 80 80 80 80 80 80 80 80 80 80 80 80 80 80 80 80 80 80 80 80 80 80 80 80
80 80 80 80 80 80 80 80 80 80 80 80 80 80 80 80 30 30 30 30 30 30 30 30 30 60 30 30 30 30 30 20 20 80 80 80 80 80 80 80 80 80 80 80 80 80 80 80 80 80 80 80 80 80 80 80 80 80 80 80 80 80 80 80 80 80 80 80 80 80 80 80 80 80 80 80 80 80 80 80 80 80 80 80 80 80 80 80 80 80 80 80 80 80 80 80 80
80 80 80 80 80 80 80 80 80 80 80 80 80 80 80 60 30 30 30 20 30 30 30 30 30 30 30 30 30 30 30 30 30 80 80 80 80 80 80 80 80 80 80 80 80 80 80 80 80 80 80 80 80 80 80 80 80 80 80 80 80 80 80 80 80 80 80 80 80 80 80 80 80 80 80 80 80 80 80 80 80 80 80 80 80 80 80 80 80 80 80 80 80 80 80 80 80
80 80 80 80 80 80 80 80 80 80 80 80 80 80 80 80 80 30 30 30 30 30 30 30 30 30 30 30 30 30 20 30 30 20 80 80 80 80 80 80 80 80 80 80 80 80 80 80 80 80 80 80 80 80 80 80 80 80 80 80 80 80 80 80 80 80 80 80 80 80 80 80 80 80 80 80 80 80 80 80 80 80 80 80 80 80 80 80 80 80 80 80 80 80 80 80 80
80 80 80 80 80 80 80 80 80 80 80 80 80 80 80 80 80 60 30 30 20 30 30 30 30 30 30 30 30 30 30 30 30 30 80 80 80 80 80 80 80 80 80 80 80 80 80 80 80 80 80 80 80 80 80 80 80 80 80 80 80 80 80 80 80 80 80 80 80 80 80 80 80 80 80 80 80 80 80 80 80 80 80 80 80 80 80 80 80 80 80 80 80 80 80 80 80
80 80 80 80 80 80 80 80 80 80 80 80 80 80 80 80 80 90 30 30 30 20 30 30 30 30 30 30 20 30 20 30 20 80 80 80 80 80 80 80 80 80 80 80 80 80 80 80 80 80 80 80 80 80 80 80 80 80 80 80 80 80 80 80 80 80 80 80 80 80 80 80 80 80 80 80 80 80 80 80 80 80 80 80 80 80 80 80 80 80 80 80 80 80 80 80 80
80 80 80 80 80 80 80 80 80 80 80 80 80 80 80 80 80 80 80 30 30 30 20 20 30 30 30 30 30 30 20 30 20 80 80 80 80 80 80 80 80 80 80 80 80 80 80 80 80 80 80 80 80 80 80 80 80 80 80 80 80 80 80 80 80 80 80 80 80 80 80 80 80 80 80 80 80 80 80 80 80 80 80 80 80 80 80 80 80 80 80 80 80 80 80 80 80
80 80 80 80 80 80 80 80 80 80 80 80 80 80 80 80 80 80 80 60 30 30 30 30 30 30 30 30 30 30 20 30 20 80 80 80 80 80 80 80 80 80 80 80 80 80 80 80 80 80 80 80 80 80 80 80 80 80 80 80 80 80 80 80 80 80 80 80 80 80 80 80 80 80 80 80 80 80 80 80 80 80 80 80 80 80 80 80 80 80 80 80 80 80 80 80 80
80 80 80 80 80 80 80 80 80 80 80 80 80 80 80 80 80 80 80 80 30 30 30 30 20 20 30 30 30 30 30 20 30 80 80 80 80 80 80 80 80 80 80 80 80 80 80 80 80 80 80 80 80 80 80 80 80 80 80 80 80 80 80 80 80 80 80 80 80 80 80 80 80 80 80 80 80 80 80 80 80 80 80 80 80 80 80 80 80 80 80 80 80 80 80 80 80
80 80 80 80 80 80 80 80 80 80 80 80 80 80 80 80 80 80 80 80 30 30 30 30 30 20 20 20 30 30 20 20 80 80 80 80 80 80 80 80 80 80 80 80 80 80 80 80 80 80 80 80 80 80 80 80 80 80 80 80 80 80 80 80 80 80 80 80 80 80 80 80 80 80 80 80 80 80 80 80 80 80 80 80 80 80 80 80 80 80 80 80 80 80 80 80 80
80 80 80 80 80 80 80 80 80 80 80 80 80 80 80 80 80 80 80 80 30 30 20 30 30 30 20 20 10 20 20 30 80 80 80 80 80 80 80 80 80 80 80 80 80 80 80 80 80 80 80 80 80 80 80 80 80 80 80 80 80 80 80 80 80 80 80 80 80 80 80 80 80 80 80 80 80 80 80 80 80 80 80 80 80 80 80 80 80 80 80 80 80 80 80 80 80
80 80 80 80 80 80 80 80 80 80 80 80 80 80 80 80 80 80 80 80 80 80 10 30 30 30 30 30 20 20 30 30 80 80 80 80 80 80 80 80 80 80 80 80 80 80 80 80 80 80 80 80 80 80 80 80 80 80 80 80 80 80 80 80 80 80 80 80 80 80 80 80 80 80 80 80 80 80 80 80 80 80 80 80 80 80 80 80 80 80 80 80 80 80 80 80 80
80 80 80 80 80 80 80 80 80 80 80 80 80 80 80 80 80 80 80 80 80 80 60 30 30 30 30 30 30 30 20 30 80 80 80 80 80 80 80 80 80 80 80 80 80 80 80 80 80 80 80 80 80 80 80 80 80 80 80 80 80 80 80 80 80 80 80 80 80 80 80 80 80 80 80 80 80 80 80 80 80 80 80 80 80 80 80 80 80 80 80 80 80 80 80 80 80
80 80 80 80 80 80 80 80 80 80 80 80 80 80 80 80 80 80 80 80 80 80 80 80 30 30 30 20 30 20 20 20 30 80 80 80 80 80 80 80 80 80 80 80 80 80 80 80 80 80 80 80 80 80 80 80 80 80 80 80 80 80 80 80 80 80 80 80 80 80 80 80 80 80 80 80 80 80 80 80 80 80 80 80 80 80 80 80 80 80 80 80 80 80 80 80 80
80 80 80 80 80 80 80 80 80 80 80 80 80 80 80 80 80 80 80 80 80 80 80 80 80 80 20 30 20 20 20 20 20 80 80 80 80 80 80 80 80 80 80 80 80 80 80 80 80 80 80 80 80 80 80 80 80 80 80 80 80 80 80 80 80 80 80 80 80 80 80 80 80 80 80 80 80 80 80 80 80 80 80 80 80 80 80 80 80 80 80 80 80 80 80 80 80
80 80 80 80 80 80 80 80 80 80 80 80 80 80 80 80 80 80 80 80 80 80 80 80 80 80 80 30 60 30 20 20 20 80 80 80 80 80 80 80 80 80 80 80 80 80 80 80 80 80 80 80 80 80 80 80 80 80 80 80 80 80 80 80 80 80 80 80 80 80 80 80 80 80 80 80 80 80 80 80 80 80 80 80 80 80 80 80 80 80 80 80 80 80 80 80 80
80 80 80 80 80 80 80 80 80 80 80 80 80 80 80 80 80 80 80 80 80 80 80 80 80 80 80 80 80 80 80 30 20 20 80 80 80 80 80 80 80 80 80 80 80 80 80 80 80 80 80 80 80 80 80 80 80 80 80 80 80 80 80 80 80 80 80 80 80 80 80 80 80 80 80 80 80 80 80 80 80 80 80 80 80 80 80 80 80 80 80 80 80 80 80 80 80
80 80 80 80 80 80 80 80 80 80 80 80 80 80 80 80 80 80 80 80 80 80 80 80 80 80 80 80 80 80 80 80 10 30 30 80 80 80 80 80 80 80 80 80 80 80 80 80 80 80 80 80 80 80 80 80 80 80 80 80 80 80 80 80 80 80 80 80 80 80 80 80 80 80 80 80 80 80 80 80 80 80 80 80 80 80 80 80 80 80 80 80 80 80 80 80 80
80 80 80 80 80 80 80 80 80 80 80 80 80 80 80 80 80 80 80 80 80 80 80 80 80 80 80 80 80 80 80 80 80 30 30 20 20 80 80 80 80 80 80 80 80 80 80 80 80 80 80 80 80 80 80 80 80 80 80 80 80 80 80 80 80 80 80 80 80 80 80 80 80 80 80 80 80 80 80 80 80 80 80 80 80 80 80 80 80 80 80 80 80 80 80 80 80
80 80 80 80 80 80 80 80 80 80 80 80 80 80 80 80 80 80 80 80 80 80 80 80 80 80 80 80 80 80 80 80 80 80 10 80 80 60 30 80 80 80 80 80 80 80 80 80 80 80 80 80 80 80 80 80 80 80 80 80 80 80 80 80 80 80 80 80 80 80 80 80 80 80 80 80 80 80 80 80 80 80 80 80 80 80 80 80 80 80 80 80 80 80 80 80 80
80 80 80 80 80 80 80 80 80 80 80 80 80 80 80 80 80 80 80 80 80 80 80 80 80 80 80 80 80 80 80 80 80 80 80 80 80 80 80 80 80 80 80 80 80 80 80 80 80 80 80 80 80 80 80 80 80 80 80 80 80 80 80 80 80 80 80 80 80 80 80 80 80 80 80 80 80 80 80 80 80 80 80 80 80 80 80 80 80 80 80 80 80 80 80 80 80
